0	685.9343201890612	-325.275993332673	0.01520244880340238	2190.05	-2.3465902047863905
1	1185.8443753144818	-571.8515135440429	0.01520244880340238	2190.05	-2.0007568714530573
2	1739.7407678920365	-634.3682046959258	0.01520244880340238	2190.05	-1.654923538119724
3	2282.0347376360687	-505.4232522461797	0.01520244880340238	2190.05	-1.3090902047863908
4	2748.5114067056493	-200.2854676360838	0.01520244880340238	2190.05	-0.9632568714530576
5	3083.933682322327	244.91274372952637	0.01520244880340238	2190.05	-0.6174235381197242
6	3248.5830692499876	777.453943795168	0.01520244880340238	2190.05	-0.2715902047863912
7	3257.6025702071993	1334.2781134283823	0.01520244880340238	2190.05	0.0742431285469427
8	3200.5636014696283	1849.4498042804591	0.01520244880340238	2190.05	0.4200764618802757
9	2958.941197681671	2261.96578002409	0.01520244880340238	2190.05	0.7659097952136094
10	852.5817276891863	-322.74234946168895	0.01520244880340238	2356.7166666666667	-2.3465902047863905
11	1352.491782814607	-569.3178696730588	0.01520244880340238	2356.7166666666667	-2.0007568714530573
12	1906.3881753921617	-631.8345608249417	0.01520244880340238	2356.7166666666667	-1.654923538119724
13	2448.682145136194	-502.8896083751956	0.01520244880340238	2356.7166666666667	-1.3090902047863908
14	2915.1588142057744	-197.75182376509974	0.01520244880340238	2356.7166666666667	-0.9632568714530576
15	3250.581089822452	247.44638760051043	0.01520244880340238	2356.7166666666667	-0.6174235381197242
16	3415.2304767501128	779.9875876661521	0.01520244880340238	2356.7166666666667	-0.2715902047863912
17	3424.2499777073244	1336.8117572993665	0.01520244880340238	2356.7166666666667	0.0742431285469427
18	3367.2110089697535	1851.983448151443	0.01520244880340238	2356.7166666666667	0.4200764618802757
19	3125.588605181796	2264.499423895074	0.01520244880340238	2356.7166666666667	0.7659097952136094
20	1019.2291351893115	-320.2087055907049	0.01520244880340238	2523.3833333333337	-2.3465902047863905
21	1519.139190314732	-566.7842258020747	0.01520244880340238	2523.3833333333337	-2.0007568714530573
22	2073.0355828922866	-629.3009169539577	0.01520244880340238	2523.3833333333337	-1.654923538119724
23	2615.329552636319	-500.35596450421156	0.01520244880340238	2523.3833333333337	-1.3090902047863908
24	3081.8062217058996	-195.21817989411568	0.01520244880340238	2523.3833333333337	-0.9632568714530576
25	3417.2284973225774	249.9800314714945	0.01520244880340238	2523.3833333333337	-0.6174235381197242
26	3581.877884250238	782.5212315371361	0.01520244880340238	2523.3833333333337	-0.2715902047863912
27	3590.8973852074496	1339.3454011703507	0.01520244880340238	2523.3833333333337	0.0742431285469427
28	3533.8584164698786	1854.5170920224273	0.01520244880340238	2523.3833333333337	0.4200764618802757
29	3292.2360126819212	2267.0330677660577	0.01520244880340238	2523.3833333333337	0.7659097952136094
30	1185.8765426894365	-317.6750617197208	0.01520244880340238	2690.05	-2.3465902047863905
31	1685.7865978148573	-564.2505819310907	0.01520244880340238	2690.05	-2.0007568714530573
32	2239.6829903924117	-626.7672730829736	0.01520244880340238	2690.05	-1.654923538119724
33	2781.976960136444	-497.8223206332275	0.01520244880340238	2690.05	-1.3090902047863908
34	3248.4536292060247	-192.6845360231316	0.01520244880340238	2690.05	-0.9632568714530576
35	3583.8759048227025	252.51367534247856	0.01520244880340238	2690.05	-0.6174235381197242
36	3748.525291750363	785.0548754081202	0.01520244880340238	2690.05	-0.2715902047863912
37	3757.5447927075747	1341.8790450413346	0.01520244880340238	2690.05	0.0742431285469427
38	3700.505823970004	1857.0507358934115	0.01520244880340238	2690.05	0.4200764618802757
39	3458.8834201820464	2269.566711637042	0.01520244880340238	2690.05	0.7659097952136094
40	1352.5239501895617	-315.14141784873664	0.01520244880340238	2856.7166666666667	-2.3465902047863905
41	1852.4340053149824	-561.7169380601065	0.01520244880340238	2856.7166666666667	-2.0007568714530573
42	2406.330397892537	-624.2336292119894	0.01520244880340238	2856.7166666666667	-1.654923538119724
43	2948.6243676365693	-495.2886767622433	0.01520244880340238	2856.7166666666667	-1.3090902047863908
44	3415.10103670615	-190.15089215214743	0.01520244880340238	2856.7166666666667	-0.9632568714530576
45	3750.5233123228277	255.04731921346274	0.01520244880340238	2856.7166666666667	-0.6174235381197242
46	3915.172699250488	787.5885192791044	0.01520244880340238	2856.7166666666667	-0.2715902047863912
47	3924.1922002077	1344.4126889123188	0.01520244880340238	2856.7166666666667	0.0742431285469427
48	3867.153231470129	1859.5843797643956	0.01520244880340238	2856.7166666666667	0.4200764618802757
49	3625.5308276821715	2272.100355508026	0.01520244880340238	2856.7166666666667	0.7659097952136094
50	1519.1713576896868	-312.6077739777526	0.01520244880340238	3023.383333333333	-2.3465902047863905
51	2019.0814128151076	-559.1832941891224	0.01520244880340238	3023.383333333333	-2.0007568714530573
52	2572.977805392662	-621.6999853410053	0.01520244880340238	3023.383333333333	-1.654923538119724
53	3115.2717751366945	-492.75503289125925	0.01520244880340238	3023.383333333333	-1.3090902047863908
54	3581.748444206275	-187.61724828116337	0.01520244880340238	3023.383333333333	-0.9632568714530576
55	3917.170719822953	257.5809630844468	0.01520244880340238	3023.383333333333	-0.6174235381197242
56	4081.8201067506134	790.1221631500885	0.01520244880340238	3023.383333333333	-0.2715902047863912
57	4090.839607707825	1346.9463327833028	0.01520244880340238	3023.383333333333	0.0742431285469427
58	4033.800638970254	1862.1180236353796	0.01520244880340238	3023.383333333333	0.4200764618802757
59	3792.1782351822967	2274.63399937901	0.01520244880340238	3023.383333333333	0.7659097952136094
60	1685.8187651898124	-310.0741301067685	0.01520244880340238	3190.05	-2.3465902047863905
61	2185.728820315233	-556.6496503181384	0.01520244880340238	3190.05	-2.0007568714530573
62	2739.6252128927877	-619.1663414700213	0.01520244880340238	3190.05	-1.654923538119724
63	3281.91918263682	-490.2213890202752	0.01520244880340238	3190.05	-1.3090902047863908
64	3748.395851706401	-185.0836044101793	0.01520244880340238	3190.05	-0.9632568714530576
65	4083.8181273230784	260.1146069554309	0.01520244880340238	3190.05	-0.6174235381197242
66	4248.467514250739	792.6558070210725	0.01520244880340238	3190.05	-0.2715902047863912
67	4257.48701520795	1349.479976654287	0.01520244880340238	3190.05	0.0742431285469427
68	4200.448046470379	1864.6516675063635	0.01520244880340238	3190.05	0.4200764618802757
69	3958.825642682422	2277.1676432499944	0.01520244880340238	3190.05	0.7659097952136094
70	1852.4661726899376	-307.54048623578444	0.01520244880340238	3356.7166666666667	-2.3465902047863905
71	2352.376227815358	-554.1160064471543	0.01520244880340238	3356.7166666666667	-2.0007568714530573
72	2906.272620392913	-616.6326975990372	0.01520244880340238	3356.7166666666667	-1.654923538119724
73	3448.5665901369453	-487.6877451492911	0.01520244880340238	3356.7166666666667	-1.3090902047863908
74	3915.0432592065263	-182.54996053919524	0.01520244880340238	3356.7166666666667	-0.9632568714530576
75	4250.465534823204	262.64825082641494	0.01520244880340238	3356.7166666666667	-0.6174235381197242
76	4415.114921750865	795.1894508920566	0.01520244880340238	3356.7166666666667	-0.2715902047863912
77	4424.134422708075	1352.013620525271	0.01520244880340238	3356.7166666666667	0.0742431285469427
78	4367.095453970505	1867.1853113773477	0.01520244880340238	3356.7166666666667	0.4200764618802757
79	4125.473050182547	2279.701287120978	0.01520244880340238	3356.7166666666667	0.7659097952136094
80	2019.1135801900627	-305.0068423648004	0.01520244880340238	3523.383333333333	-2.3465902047863905
81	2519.0236353154833	-551.5823625761702	0.01520244880340238	3523.383333333333	-2.0007568714530573
82	3072.920027893038	-614.0990537280531	0.01520244880340238	3523.383333333333	-1.654923538119724
83	3615.2139976370704	-485.15410127830705	0.01520244880340238	3523.383333333333	-1.3090902047863908
84	4081.6906667066514	-180.01631666821118	0.01520244880340238	3523.383333333333	-0.9632568714530576
85	4417.112942323329	265.181894697399	0.01520244880340238	3523.383333333333	-0.6174235381197242
86	4581.76232925099	797.7230947630406	0.01520244880340238	3523.383333333333	-0.2715902047863912
87	4590.7818302082005	1354.547264396255	0.01520244880340238	3523.383333333333	0.0742431285469427
88	4533.74286147063	1869.718955248332	0.01520244880340238	3523.383333333333	0.4200764618802757
89	4292.120457682672	2282.2349309919623	0.01520244880340238	3523.383333333333	0.7659097952136094
90	2185.760987690188	-302.4731984938162	0.01520244880340238	3690.05	-2.3465902047863905
91	2685.6710428156084	-549.048718705186	0.01520244880340238	3690.05	-2.0007568714530573
92	3239.567435393163	-611.565409857069	0.01520244880340238	3690.05	-1.654923538119724
93	3781.8614051371956	-482.6204574073229	0.01520244880340238	3690.05	-1.3090902047863908
94	4248.338074206777	-177.482672797227	0.01520244880340238	3690.05	-0.9632568714530576
95	4583.760349823454	267.7155385683832	0.01520244880340238	3690.05	-0.6174235381197242
96	4748.409736751115	800.2567386340248	0.01520244880340238	3690.05	-0.2715902047863912
97	4757.429237708326	1357.0809082672392	0.01520244880340238	3690.05	0.0742431285469427
98	4700.390268970756	1872.252599119316	0.01520244880340238	3690.05	0.4200764618802757
99	4458.767865182797	2284.7685748629465	0.01520244880340238	3690.05	0.7659097952136094
100	670.9573154836786	-100.73691116836562	0.11800244880340238	2190.05	-2.3465902047863905
101	1170.8673706090992	-347.3124313797355	0.11800244880340238	2190.05	-2.0007568714530573
102	1724.763763186654	-409.8291225316184	0.11800244880340238	2190.05	-1.654923538119724
103	2267.057732930686	-280.8841700818723	0.11800244880340238	2190.05	-1.3090902047863908
104	2733.5344020002667	24.25361452822358	0.11800244880340238	2190.05	-0.9632568714530576
105	3068.9566776169445	469.45182589383376	0.11800244880340238	2190.05	-0.6174235381197242
106	3233.606064544605	1001.9930259594754	0.11800244880340238	2190.05	-0.2715902047863912
107	3242.6255655018167	1558.8171955926898	0.11800244880340238	2190.05	0.0742431285469427
108	3185.5865967642458	2073.9888864447666	0.11800244880340238	2190.05	0.4200764618802757
109	2943.9641929762884	2486.504862188397	0.11800244880340238	2190.05	0.7659097952136094
110	836.4649465171034	-81.11544721988662	0.11800244880340238	2356.7166666666667	-2.3465902047863905
111	1336.375001642524	-327.69096743125647	0.11800244880340238	2356.7166666666667	-2.0007568714530573
112	1890.2713942200787	-390.2076585831394	0.11800244880340238	2356.7166666666667	-1.654923538119724
113	2432.565363964111	-261.2627061333933	0.11800244880340238	2356.7166666666667	-1.3090902047863908
114	2899.042033033692	43.87507847670258	0.11800244880340238	2356.7166666666667	-0.9632568714530576
115	3234.4643086503693	489.07328984231276	0.11800244880340238	2356.7166666666667	-0.6174235381197242
116	3399.1136955780303	1021.6144899079544	0.11800244880340238	2356.7166666666667	-0.2715902047863912
117	3408.133196535241	1578.4386595411688	0.11800244880340238	2356.7166666666667	0.0742431285469427
118	3351.0942277976706	2093.6103503932454	0.11800244880340238	2356.7166666666667	0.4200764618802757
119	3109.4718240097127	2506.126326136876	0.11800244880340238	2356.7166666666667	0.7659097952136094
120	1001.9725775505286	-61.493983271407615	0.11800244880340238	2523.3833333333337	-2.3465902047863905
121	1501.8826326759493	-308.06950348277746	0.11800244880340238	2523.3833333333337	-2.0007568714530573
122	2055.7790252535037	-370.5861946346604	0.11800244880340238	2523.3833333333337	-1.654923538119724
123	2598.072994997536	-241.6412421849143	0.11800244880340238	2523.3833333333337	-1.3090902047863908
124	3064.549664067117	63.49654242518159	0.11800244880340238	2523.3833333333337	-0.9632568714530576
125	3399.9719396837945	508.69475379079176	0.11800244880340238	2523.3833333333337	-0.6174235381197242
126	3564.6213266114555	1041.2359538564333	0.11800244880340238	2523.3833333333337	-0.2715902047863912
127	3573.6408275686663	1598.0601234896478	0.11800244880340238	2523.3833333333337	0.0742431285469427
128	3516.601858831096	2113.2318143417247	0.11800244880340238	2523.3833333333337	0.4200764618802757
129	3274.979455043138	2525.747790085355	0.11800244880340238	2523.3833333333337	0.7659097952136094
130	1167.4802085839528	-41.87251932292838	0.11800244880340238	2690.05	-2.3465902047863905
131	1667.3902637093736	-288.44803953429823	0.11800244880340238	2690.05	-2.0007568714530573
132	2221.286656286928	-350.96473068618116	0.11800244880340238	2690.05	-1.654923538119724
133	2763.5806260309605	-222.01977823643506	0.11800244880340238	2690.05	-1.3090902047863908
134	3230.0572951005415	83.11800637366082	0.11800244880340238	2690.05	-0.9632568714530576
135	3565.479570717219	528.316217739271	0.11800244880340238	2690.05	-0.6174235381197242
136	3730.12895764488	1060.8574178049125	0.11800244880340238	2690.05	-0.2715902047863912
137	3739.1484586020906	1617.681587438127	0.11800244880340238	2690.05	0.0742431285469427
138	3682.10948986452	2132.853278290204	0.11800244880340238	2690.05	0.4200764618802757
139	3440.4870860765623	2545.3692540338343	0.11800244880340238	2690.05	0.7659097952136094
140	1332.9878396173776	-22.25105537444938	0.11800244880340238	2856.7166666666667	-2.3465902047863905
141	1832.8978947427984	-268.8265755858192	0.11800244880340238	2856.7166666666667	-2.0007568714530573
142	2386.794287320353	-331.34326673770215	0.11800244880340238	2856.7166666666667	-1.654923538119724
143	2929.0882570643853	-202.39831428795605	0.11800244880340238	2856.7166666666667	-1.3090902047863908
144	3395.564926133966	102.73947032213982	0.11800244880340238	2856.7166666666667	-0.9632568714530576
145	3730.9872017506436	547.93768168775	0.11800244880340238	2856.7166666666667	-0.6174235381197242
146	3895.636588678304	1080.4788817533918	0.11800244880340238	2856.7166666666667	-0.2715902047863912
147	3904.656089635516	1637.303051386606	0.11800244880340238	2856.7166666666667	0.0742431285469427
148	3847.617120897945	2152.4747422386827	0.11800244880340238	2856.7166666666667	0.4200764618802757
149	3605.9947171099875	2564.990717982313	0.11800244880340238	2856.7166666666667	0.7659097952136094
150	1498.4954706508024	-2.629591425970375	0.11800244880340238	3023.383333333333	-2.3465902047863905
151	1998.4055257762232	-249.20511163734022	0.11800244880340238	3023.383333333333	-2.0007568714530573
152	2552.3019183537776	-311.72180278922315	0.11800244880340238	3023.383333333333	-1.654923538119724
153	3094.59588809781	-182.77685033947705	0.11800244880340238	3023.383333333333	-1.3090902047863908
154	3561.072557167391	122.36093427061883	0.11800244880340238	3023.383333333333	-0.9632568714530576
155	3896.4948327840684	567.559145636229	0.11800244880340238	3023.383333333333	-0.6174235381197242
156	4061.1442197117294	1100.1003457018705	0.11800244880340238	3023.383333333333	-0.2715902047863912
157	4070.16372066894	1656.924515335085	0.11800244880340238	3023.383333333333	0.0742431285469427
158	4013.1247519313697	2172.096206187162	0.11800244880340238	3023.383333333333	0.4200764618802757
159	3771.502348143412	2584.6121819307923	0.11800244880340238	3023.383333333333	0.7659097952136094
160	1664.0031016842277	16.99187252250863	0.11800244880340238	3190.05	-2.3465902047863905
161	2163.913156809648	-229.58364768886122	0.11800244880340238	3190.05	-2.0007568714530573
162	2717.809549387203	-292.10033884074414	0.11800244880340238	3190.05	-1.654923538119724
163	3260.1035191312353	-163.15538639099805	0.11800244880340238	3190.05	-1.3090902047863908
164	3726.5801882008163	141.98239821909783	0.11800244880340238	3190.05	-0.9632568714530576
165	4062.0024638174937	587.180609584708	0.11800244880340238	3190.05	-0.6174235381197242
166	4226.651850745155	1119.7218096503498	0.11800244880340238	3190.05	-0.2715902047863912
167	4235.671351702365	1676.545979283564	0.11800244880340238	3190.05	0.0742431285469427
168	4178.632382964795	2191.7176701356407	0.11800244880340238	3190.05	0.4200764618802757
169	3937.009979176837	2604.2336458792715	0.11800244880340238	3190.05	0.7659097952136094
170	1829.5107327176524	36.61333647098763	0.11800244880340238	3356.7166666666667	-2.3465902047863905
171	2329.420787843073	-209.96218374038222	0.11800244880340238	3356.7166666666667	-2.0007568714530573
172	2883.3171804206277	-272.47887489226514	0.11800244880340238	3356.7166666666667	-1.654923538119724
173	3425.61115016466	-143.53392244251904	0.11800244880340238	3356.7166666666667	-1.3090902047863908
174	3892.0878192342407	161.60386216757684	0.11800244880340238	3356.7166666666667	-0.9632568714530576
175	4227.510094850919	606.802073533187	0.11800244880340238	3356.7166666666667	-0.6174235381197242
176	4392.159481778579	1139.3432735988285	0.11800244880340238	3356.7166666666667	-0.2715902047863912
177	4401.178982735791	1696.167443232043	0.11800244880340238	3356.7166666666667	0.0742431285469427
178	4344.14001399822	2211.33913408412	0.11800244880340238	3356.7166666666667	0.4200764618802757
179	4102.517610210262	2623.8551098277503	0.11800244880340238	3356.7166666666667	0.7659097952136094
180	1995.0183637510772	56.234800419466865	0.11800244880340238	3523.383333333333	-2.3465902047863905
181	2494.9284188764977	-190.34071979190298	0.11800244880340238	3523.383333333333	-2.0007568714530573
182	3048.8248114540525	-252.8574109437859	0.11800244880340238	3523.383333333333	-1.654923538119724
183	3591.118781198085	-123.91245849403981	0.11800244880340238	3523.383333333333	-1.3090902047863908
184	4057.595450267666	181.22532611605607	0.11800244880340238	3523.383333333333	-0.9632568714530576
185	4393.017725884343	626.4235374816662	0.11800244880340238	3523.383333333333	-0.6174235381197242
186	4557.667112812004	1158.9647375473078	0.11800244880340238	3523.383333333333	-0.2715902047863912
187	4566.686613769215	1715.7889071805223	0.11800244880340238	3523.383333333333	0.0742431285469427
188	4509.647645031644	2230.960598032599	0.11800244880340238	3523.383333333333	0.4200764618802757
189	4268.025241243687	2643.4765737762295	0.11800244880340238	3523.383333333333	0.7659097952136094
190	2160.5259947845025	75.85626436794587	0.11800244880340238	3690.05	-2.3465902047863905
191	2660.436049909923	-170.71925584342398	0.11800244880340238	3690.05	-2.0007568714530573
192	3214.3324424874777	-233.2359469953069	0.11800244880340238	3690.05	-1.654923538119724
193	3756.62641223151	-104.2909945455608	0.11800244880340238	3690.05	-1.3090902047863908
194	4223.103081301091	200.84679006453507	0.11800244880340238	3690.05	-0.9632568714530576
195	4558.5253569177685	646.0450014301452	0.11800244880340238	3690.05	-0.6174235381197242
196	4723.1747438454295	1178.586201495787	0.11800244880340238	3690.05	-0.2715902047863912
197	4732.19424480264	1735.4103711290013	0.11800244880340238	3690.05	0.0742431285469427
198	4675.15527606507	2250.582061981078	0.11800244880340238	3690.05	0.4200764618802757
199	4433.532872277112	2663.098037724709	0.11800244880340238	3690.05	0.7659097952136094
200	633.0173948502035	121.07984318409581	0.22080244880340238	2190.05	-2.3465902047863905
201	1132.927449975624	-125.49567702727404	0.22080244880340238	2190.05	-2.0007568714530573
202	1686.8238425531788	-188.01236817915697	0.22080244880340238	2190.05	-1.654923538119724
203	2229.117812297211	-59.06741572941087	0.22080244880340238	2190.05	-1.3090902047863908
204	2695.594481366792	246.070368880685	0.22080244880340238	2190.05	-0.9632568714530576
205	3031.0167569834693	691.2685802462952	0.22080244880340238	2190.05	-0.6174235381197242
206	3195.6661439111303	1223.8097803119367	0.22080244880340238	2190.05	-0.2715902047863912
207	3204.685644868341	1780.6339499451512	0.22080244880340238	2190.05	0.0742431285469427
208	3147.6466761307706	2295.805640797228	0.22080244880340238	2190.05	0.4200764618802757
209	2906.0242723428128	2708.3216165408585	0.22080244880340238	2190.05	0.7659097952136094
210	795.6377310247987	157.58195326336772	0.22080244880340238	2356.7166666666667	-2.3465902047863905
211	1295.5477861502193	-88.99356694800213	0.22080244880340238	2356.7166666666667	-2.0007568714530573
212	1849.444178727774	-151.51025809988505	0.22080244880340238	2356.7166666666667	-1.654923538119724
213	2391.738148471806	-22.565305650138953	0.22080244880340238	2356.7166666666667	-1.3090902047863908
214	2858.2148175413868	282.5724789599569	0.22080244880340238	2356.7166666666667	-0.9632568714530576
215	3193.6370931580645	727.7706903255671	0.22080244880340238	2356.7166666666667	-0.6174235381197242
216	3358.286480085725	1260.3118903912086	0.22080244880340238	2356.7166666666667	-0.2715902047863912
217	3367.3059810429368	1817.1360600244232	0.22080244880340238	2356.7166666666667	0.0742431285469427
218	3310.267012305366	2332.3077508765	0.22080244880340238	2356.7166666666667	0.4200764618802757
219	3068.6446085174084	2744.8237266201304	0.22080244880340238	2356.7166666666667	0.7659097952136094
220	958.2580671993943	194.0840633426401	0.22080244880340238	2523.3833333333337	-2.3465902047863905
221	1458.168122324815	-52.491456868729756	0.22080244880340238	2523.3833333333337	-2.0007568714530573
222	2012.0645149023696	-115.00814802061268	0.22080244880340238	2523.3833333333337	-1.654923538119724
223	2554.358484646402	13.936804429133417	0.22080244880340238	2523.3833333333337	-1.3090902047863908
224	3020.8351537159824	319.0745890392293	0.22080244880340238	2523.3833333333337	-0.9632568714530576
225	3356.25742933266	764.2728004048395	0.22080244880340238	2523.3833333333337	-0.6174235381197242
226	3520.9068162603207	1296.814000470481	0.22080244880340238	2523.3833333333337	-0.2715902047863912
227	3529.9263172175324	1853.6381701036955	0.22080244880340238	2523.3833333333337	0.0742431285469427
228	3472.8873484799615	2368.8098609557724	0.22080244880340238	2523.3833333333337	0.4200764618802757
229	3231.264944692004	2781.3258366994028	0.22080244880340238	2523.3833333333337	0.7659097952136094
230	1120.8784033739898	230.58617342191246	0.22080244880340238	2690.05	-2.3465902047863905
231	1620.7884584994106	-15.989346789457386	0.22080244880340238	2690.05	-2.0007568714530573
232	2174.684851076965	-78.50603794134031	0.22080244880340238	2690.05	-1.654923538119724
233	2716.9788208209975	50.43891450840579	0.22080244880340238	2690.05	-1.3090902047863908
234	3183.455489890578	355.57669911850166	0.22080244880340238	2690.05	-0.9632568714530576
235	3518.877765507256	800.7749104841118	0.22080244880340238	2690.05	-0.6174235381197242
236	3683.5271524349164	1333.3161105497534	0.22080244880340238	2690.05	-0.2715902047863912
237	3692.546653392128	1890.140280182968	0.22080244880340238	2690.05	0.0742431285469427
238	3635.507684654557	2405.3119710350447	0.22080244880340238	2690.05	0.4200764618802757
239	3393.8852808665997	2817.827946778675	0.22080244880340238	2690.05	0.7659097952136094
240	1283.498739548585	267.0882835011846	0.22080244880340238	2856.7166666666667	-2.3465902047863905
241	1783.4087946740058	20.512763289814757	0.22080244880340238	2856.7166666666667	-2.0007568714530573
242	2337.3051872515603	-42.00392786206817	0.22080244880340238	2856.7166666666667	-1.654923538119724
243	2879.5991569955927	86.94102458767793	0.22080244880340238	2856.7166666666667	-1.3090902047863908
244	3346.0758260651737	392.0788091977738	0.22080244880340238	2856.7166666666667	-0.9632568714530576
245	3681.498101681851	837.277020563384	0.22080244880340238	2856.7166666666667	-0.6174235381197242
246	3846.147488609512	1369.8182206290257	0.22080244880340238	2856.7166666666667	-0.2715902047863912
247	3855.166989566723	1926.64239026224	0.22080244880340238	2856.7166666666667	0.0742431285469427
248	3798.1280208291523	2441.8140811143167	0.22080244880340238	2856.7166666666667	0.4200764618802757
249	3556.5056170411945	2854.330056857947	0.22080244880340238	2856.7166666666667	0.7659097952136094
250	1446.1190757231807	303.59039358045675	0.22080244880340238	3023.383333333333	-2.3465902047863905
251	1946.0291308486014	57.0148733690869	0.22080244880340238	3023.383333333333	-2.0007568714530573
252	2499.925523426156	-5.501817782796024	0.22080244880340238	3023.383333333333	-1.654923538119724
253	3042.2194931701883	123.44313466695007	0.22080244880340238	3023.383333333333	-1.3090902047863908
254	3508.6961622397694	428.58091927704595	0.22080244880340238	3023.383333333333	-0.9632568714530576
255	3844.1184378564467	873.7791306426561	0.22080244880340238	3023.383333333333	-0.6174235381197242
256	4008.7678247841077	1406.3203307082977	0.22080244880340238	3023.383333333333	-0.2715902047863912
257	4017.7873257413185	1963.1445003415122	0.22080244880340238	3023.383333333333	0.0742431285469427
258	3960.748357003748	2478.316191193589	0.22080244880340238	3023.383333333333	0.4200764618802757
259	3719.12595321579	2890.8321669372194	0.22080244880340238	3023.383333333333	0.7659097952136094
260	1608.7394118977763	340.0925036597291	0.22080244880340238	3190.05	-2.3465902047863905
261	2108.649467023197	93.51698344835927	0.22080244880340238	3190.05	-2.0007568714530573
262	2662.5458596007516	31.000292296476346	0.22080244880340238	3190.05	-1.654923538119724
263	3204.839829344784	159.94524474622244	0.22080244880340238	3190.05	-1.3090902047863908
264	3671.316498414365	465.0830293563183	0.22080244880340238	3190.05	-0.9632568714530576
265	4006.7387740310423	910.2812407219285	0.22080244880340238	3190.05	-0.6174235381197242
266	4171.388160958703	1442.82244078757	0.22080244880340238	3190.05	-0.2715902047863912
267	4180.407661915914	1999.6466104207846	0.22080244880340238	3190.05	0.0742431285469427
268	4123.368693178343	2514.8183012728614	0.22080244880340238	3190.05	0.4200764618802757
269	3881.7462893903858	2927.334277016492	0.22080244880340238	3190.05	0.7659097952136094
270	1771.359748072372	376.59461373900126	0.22080244880340238	3356.7166666666667	-2.3465902047863905
271	2271.2698031977925	130.0190935276314	0.22080244880340238	3356.7166666666667	-2.0007568714530573
272	2825.166195775347	67.50240237574849	0.22080244880340238	3356.7166666666667	-1.654923538119724
273	3367.4601655193796	196.44735482549459	0.22080244880340238	3356.7166666666667	-1.3090902047863908
274	3833.9368345889607	501.58513943559046	0.22080244880340238	3356.7166666666667	-0.9632568714530576
275	4169.359110205638	946.7833508012006	0.22080244880340238	3356.7166666666667	-0.6174235381197242
276	4334.008497133299	1479.3245508668424	0.22080244880340238	3356.7166666666667	-0.2715902047863912
277	4343.02799809051	2036.1487205000567	0.22080244880340238	3356.7166666666667	0.0742431285469427
278	4285.989029352939	2551.3204113521333	0.22080244880340238	3356.7166666666667	0.4200764618802757
279	4044.3666255649814	2963.8363870957637	0.22080244880340238	3356.7166666666667	0.7659097952136094
280	1933.9800842469672	413.0967238182734	0.22080244880340238	3523.383333333333	-2.3465902047863905
281	2433.8901393723877	166.52120360690355	0.22080244880340238	3523.383333333333	-2.0007568714530573
282	2987.7865319499424	104.00451245502063	0.22080244880340238	3523.383333333333	-1.654923538119724
283	3530.080501693975	232.94946490476673	0.22080244880340238	3523.383333333333	-1.3090902047863908
284	3996.5571707635554	538.0872495148626	0.22080244880340238	3523.383333333333	-0.9632568714530576
285	4331.979446380234	983.2854608804728	0.22080244880340238	3523.383333333333	-0.6174235381197242
286	4496.628833307894	1515.8266609461143	0.22080244880340238	3523.383333333333	-0.2715902047863912
287	4505.648334265105	2072.6508305793286	0.22080244880340238	3523.383333333333	0.0742431285469427
288	4448.6093655275345	2587.8225214314057	0.22080244880340238	3523.383333333333	0.4200764618802757
289	4206.986961739577	3000.338497175036	0.22080244880340238	3523.383333333333	0.7659097952136094
290	2096.6004204215633	449.5988338975458	0.22080244880340238	3690.05	-2.3465902047863905
291	2596.510475546984	203.02331368617592	0.22080244880340238	3690.05	-2.0007568714530573
292	3150.4068681245385	140.506622534293	0.22080244880340238	3690.05	-1.654923538119724
293	3692.700837868571	269.4515749840391	0.22080244880340238	3690.05	-1.3090902047863908
294	4159.177506938152	574.589359594135	0.22080244880340238	3690.05	-0.9632568714530576
295	4494.599782554829	1019.7875709597452	0.22080244880340238	3690.05	-0.6174235381197242
296	4659.24916948249	1552.3287710253867	0.22080244880340238	3690.05	-0.2715902047863912
297	4668.268670439701	2109.1529406586014	0.22080244880340238	3690.05	0.0742431285469427
298	4611.22970170213	2624.324631510678	0.22080244880340238	3690.05	0.4200764618802757
299	4369.607297914173	3036.8406072543085	0.22080244880340238	3690.05	0.7659097952136094
300	572.5151483320607	337.8322093889251	0.3236024488034024	2190.05	-2.3465902047863905
301	1072.4252034574813	91.25668917755524	0.3236024488034024	2190.05	-2.0007568714530573
302	1626.321596035036	28.73999802567232	0.3236024488034024	2190.05	-1.654923538119724
303	2168.615565779068	157.68495047541842	0.3236024488034024	2190.05	-1.3090902047863908
304	2635.0922348486492	462.8227350855143	0.3236024488034024	2190.05	-0.9632568714530576
305	2970.5145104653266	908.0209464511245	0.3236024488034024	2190.05	-0.6174235381197242
306	3135.1638973929876	1440.562146516766	0.3236024488034024	2190.05	-0.2715902047863912
307	3144.1833983501983	1997.3863161499805	0.3236024488034024	2190.05	0.0742431285469427
308	3087.144429612628	2512.5580070020574	0.3236024488034024	2190.05	0.4200764618802757
309	2845.52202582467	2925.0739827456878	0.3236024488034024	2190.05	0.7659097952136094
310	730.5311568643539	390.8295567310324	0.3236024488034024	2356.7166666666667	-2.3465902047863905
311	1230.4412119897745	144.25403651966258	0.3236024488034024	2356.7166666666667	-2.0007568714530573
312	1784.3376045673292	81.73734536777965	0.3236024488034024	2356.7166666666667	-1.654923538119724
313	2326.6315743113614	210.68229781752575	0.3236024488034024	2356.7166666666667	-1.3090902047863908
314	2793.1082433809424	515.8200824276216	0.3236024488034024	2356.7166666666667	-0.9632568714530576
315	3128.5305189976198	961.0182937932318	0.3236024488034024	2356.7166666666667	-0.6174235381197242
316	3293.1799059252808	1493.5594938588733	0.3236024488034024	2356.7166666666667	-0.2715902047863912
317	3302.1994068824915	2050.383663492088	0.3236024488034024	2356.7166666666667	0.0742431285469427
318	3245.160438144921	2565.5553543441647	0.3236024488034024	2356.7166666666667	0.4200764618802757
319	3003.538034356963	2978.071330087795	0.3236024488034024	2356.7166666666667	0.7659097952136094
320	888.5471653966475	443.82690407313953	0.3236024488034024	2523.3833333333337	-2.3465902047863905
321	1388.4572205220682	197.25138386176968	0.3236024488034024	2523.3833333333337	-2.0007568714530573
322	1942.3536130996229	134.73469270988676	0.3236024488034024	2523.3833333333337	-1.654923538119724
323	2484.647582843655	263.67964515963286	0.3236024488034024	2523.3833333333337	-1.3090902047863908
324	2951.1242519132356	568.8174297697287	0.3236024488034024	2523.3833333333337	-0.9632568714530576
325	3286.5465275299134	1014.0156411353389	0.3236024488034024	2523.3833333333337	-0.6174235381197242
326	3451.195914457574	1546.5568412009807	0.3236024488034024	2523.3833333333337	-0.2715902047863912
327	3460.2154154147856	2103.381010834195	0.3236024488034024	2523.3833333333337	0.0742431285469427
328	3403.1764466772147	2618.5527016862716	0.3236024488034024	2523.3833333333337	0.4200764618802757
329	3161.5540428892573	3031.068677429902	0.3236024488034024	2523.3833333333337	0.7659097952136094
330	1046.5631739289406	496.82425141524664	0.3236024488034024	2690.05	-2.3465902047863905
331	1546.4732290543614	250.2487312038768	0.3236024488034024	2690.05	-2.0007568714530573
332	2100.369621631916	187.73204005199386	0.3236024488034024	2690.05	-1.654923538119724
333	2642.6635913759483	316.67699250173996	0.3236024488034024	2690.05	-1.3090902047863908
334	3109.140260445529	621.8147771118358	0.3236024488034024	2690.05	-0.9632568714530576
335	3444.5625360622066	1067.012988477446	0.3236024488034024	2690.05	-0.6174235381197242
336	3609.211922989867	1599.5541885430875	0.3236024488034024	2690.05	-0.2715902047863912
337	3618.231423947079	2156.378358176302	0.3236024488034024	2690.05	0.0742431285469427
338	3561.192455209508	2671.550049028379	0.3236024488034024	2690.05	0.4200764618802757
339	3319.5700514215505	3084.0660247720093	0.3236024488034024	2690.05	0.7659097952136094
340	1204.5791824612338	549.8215987573535	0.3236024488034024	2856.7166666666667	-2.3465902047863905
341	1704.4892375866546	303.24607854598366	0.3236024488034024	2856.7166666666667	-2.0007568714530573
342	2258.385630164209	240.72938739410074	0.3236024488034024	2856.7166666666667	-1.654923538119724
343	2800.6795999082415	369.67433984384684	0.3236024488034024	2856.7166666666667	-1.3090902047863908
344	3267.156268977822	674.8121244539427	0.3236024488034024	2856.7166666666667	-0.9632568714530576
345	3602.5785445945	1120.010335819553	0.3236024488034024	2856.7166666666667	-0.6174235381197242
346	3767.2279315221604	1652.5515358851944	0.3236024488034024	2856.7166666666667	-0.2715902047863912
347	3776.247432479372	2209.3757055184087	0.3236024488034024	2856.7166666666667	0.0742431285469427
348	3719.208463741801	2724.547396370486	0.3236024488034024	2856.7166666666667	0.4200764618802757
349	3477.5860599538437	3137.063372114116	0.3236024488034024	2856.7166666666667	0.7659097952136094
350	1362.595190993527	602.8189460994608	0.3236024488034024	3023.383333333333	-2.3465902047863905
351	1862.5052461189478	356.243425888091	0.3236024488034024	3023.383333333333	-2.0007568714530573
352	2416.4016386965022	293.7267347362081	0.3236024488034024	3023.383333333333	-1.654923538119724
353	2958.6956084405347	422.67168718595417	0.3236024488034024	3023.383333333333	-1.3090902047863908
354	3425.1722775101152	727.80947179605	0.3236024488034024	3023.383333333333	-0.9632568714530576
355	3760.594553126793	1173.0076831616602	0.3236024488034024	3023.383333333333	-0.6174235381197242
356	3925.2439400544536	1705.5488832273018	0.3236024488034024	3023.383333333333	-0.2715902047863912
357	3934.2634410116652	2262.3730528605165	0.3236024488034024	3023.383333333333	0.0742431285469427
358	3877.2244722740943	2777.544743712593	0.3236024488034024	3023.383333333333	0.4200764618802757
359	3635.602068486137	3190.0607194562235	0.3236024488034024	3023.383333333333	0.7659097952136094
360	1520.6111995258207	655.816293441568	0.3236024488034024	3190.05	-2.3465902047863905
361	2020.5212546512414	409.2407732301981	0.3236024488034024	3190.05	-2.0007568714530573
362	2574.417647228796	346.7240820783152	0.3236024488034024	3190.05	-1.654923538119724
363	3116.7116169728283	475.6690345280613	0.3236024488034024	3190.05	-1.3090902047863908
364	3583.1882860424093	780.8068191381572	0.3236024488034024	3190.05	-0.9632568714530576
365	3918.6105616590867	1226.0050305037673	0.3236024488034024	3190.05	-0.6174235381197242
366	4083.2599485867477	1758.546230569409	0.3236024488034024	3190.05	-0.2715902047863912
367	4092.2794495439584	2315.3704002026234	0.3236024488034024	3190.05	0.0742431285469427
368	4035.240480806388	2830.5420910547	0.3236024488034024	3190.05	0.4200764618802757
369	3793.61807701843	3243.0580667983304	0.3236024488034024	3190.05	0.7659097952136094
370	1678.6272080581143	708.813640783675	0.3236024488034024	3356.7166666666667	-2.3465902047863905
371	2178.537263183535	462.2381205723052	0.3236024488034024	3356.7166666666667	-2.0007568714530573
372	2732.4336557610895	399.7214294204223	0.3236024488034024	3356.7166666666667	-1.654923538119724
373	3274.727625505122	528.6663818701684	0.3236024488034024	3356.7166666666667	-1.3090902047863908
374	3741.2042945747025	833.8041664802643	0.3236024488034024	3356.7166666666667	-0.9632568714530576
375	4076.6265701913803	1279.0023778458744	0.3236024488034024	3356.7166666666667	-0.6174235381197242
376	4241.275957119041	1811.543577911516	0.3236024488034024	3356.7166666666667	-0.2715902047863912
377	4250.2954580762525	2368.3677475447303	0.3236024488034024	3356.7166666666667	0.0742431285469427
378	4193.256489338682	2883.5394383968073	0.3236024488034024	3356.7166666666667	0.4200764618802757
379	3951.634085550724	3296.0554141404377	0.3236024488034024	3356.7166666666667	0.7659097952136094
380	1836.6432165904075	761.8109881257824	0.3236024488034024	3523.383333333333	-2.3465902047863905
381	2336.553271715828	515.2354679144125	0.3236024488034024	3523.383333333333	-2.0007568714530573
382	2890.4496642933827	452.7187767625296	0.3236024488034024	3523.383333333333	-1.654923538119724
383	3432.743634037415	581.6637292122757	0.3236024488034024	3523.383333333333	-1.3090902047863908
384	3899.2203031069957	886.8015138223716	0.3236024488034024	3523.383333333333	-0.9632568714530576
385	4234.642578723673	1331.9997251879818	0.3236024488034024	3523.383333333333	-0.6174235381197242
386	4399.291965651334	1864.5409252536233	0.3236024488034024	3523.383333333333	-0.2715902047863912
387	4408.311466608546	2421.365094886838	0.3236024488034024	3523.383333333333	0.0742431285469427
388	4351.272497870975	2936.5367857389147	0.3236024488034024	3523.383333333333	0.4200764618802757
389	4109.650094083017	3349.052761482545	0.3236024488034024	3523.383333333333	0.7659097952136094
390	1994.6592251227012	814.8083354678893	0.3236024488034024	3690.05	-2.3465902047863905
391	2494.5692802481217	568.2328152565194	0.3236024488034024	3690.05	-2.0007568714530573
392	3048.4656728256764	505.7161241046365	0.3236024488034024	3690.05	-1.654923538119724
393	3590.759642569709	634.6610765543826	0.3236024488034024	3690.05	-1.3090902047863908
394	4057.23631163929	939.7988611644785	0.3236024488034024	3690.05	-0.9632568714530576
395	4392.658587255967	1384.9970725300886	0.3236024488034024	3690.05	-0.6174235381197242
396	4557.307974183628	1917.5382725957302	0.3236024488034024	3690.05	-0.2715902047863912
397	4566.327475140839	2474.362442228945	0.3236024488034024	3690.05	0.0742431285469427
398	4509.288506403269	2989.5341330810215	0.3236024488034024	3690.05	0.4200764618802757
399	4267.666102615311	3402.050108824652	0.3236024488034024	3690.05	0.7659097952136094
400	490.08939111798475	547.2315996383259	0.4264024488034024	2190.05	-2.3465902047863905
401	989.9994462434054	300.656079426956	0.4264024488034024	2190.05	-2.0007568714530573
402	1543.89583882096	238.1393882750731	0.4264024488034024	2190.05	-1.654923538119724
403	2086.1898085649923	367.0843407248192	0.4264024488034024	2190.05	-1.3090902047863908
404	2552.6664776345733	672.2221253349151	0.4264024488034024	2190.05	-0.9632568714530576
405	2888.0887532512506	1117.4203367005252	0.4264024488034024	2190.05	-0.6174235381197242
406	3052.7381401789116	1649.9615367661668	0.4264024488034024	2190.05	-0.2715902047863912
407	3061.7576411361224	2206.7857063993815	0.4264024488034024	2190.05	0.0742431285469427
408	3004.718672398552	2721.957397251458	0.4264024488034024	2190.05	0.4200764618802757
409	2763.096268610594	3134.4733729950885	0.4264024488034024	2190.05	0.7659097952136094
410	641.8326541867747	616.1646098077201	0.4264024488034024	2356.7166666666667	-2.3465902047863905
411	1141.7427093121953	369.5890895963503	0.4264024488034024	2356.7166666666667	-2.0007568714530573
412	1695.63910188975	307.07239844446735	0.4264024488034024	2356.7166666666667	-1.654923538119724
413	2237.933071633782	436.01735089421345	0.4264024488034024	2356.7166666666667	-1.3090902047863908
414	2704.4097407033632	741.1551355043093	0.4264024488034024	2356.7166666666667	-0.9632568714530576
415	3039.8320163200406	1186.3533468699195	0.4264024488034024	2356.7166666666667	-0.6174235381197242
416	3204.4814032477016	1718.8945469355613	0.4264024488034024	2356.7166666666667	-0.2715902047863912
417	3213.5009042049123	2275.7187165687756	0.4264024488034024	2356.7166666666667	0.0742431285469427
418	3156.461935467342	2790.890407420852	0.4264024488034024	2356.7166666666667	0.4200764618802757
419	2914.839531679384	3203.4063831644826	0.4264024488034024	2356.7166666666667	0.7659097952136094
420	793.5759172555646	685.0976199771146	0.4264024488034024	2523.3833333333337	-2.3465902047863905
421	1293.4859723809852	438.52209976574477	0.4264024488034024	2523.3833333333337	-2.0007568714530573
422	1847.38236495854	376.00540861386185	0.4264024488034024	2523.3833333333337	-1.654923538119724
423	2389.676334702572	504.95036106360794	0.4264024488034024	2523.3833333333337	-1.3090902047863908
424	2856.153003772153	810.0881456737038	0.4264024488034024	2523.3833333333337	-0.9632568714530576
425	3191.5752793888305	1255.286357039314	0.4264024488034024	2523.3833333333337	-0.6174235381197242
426	3356.2246663164915	1787.8275571049558	0.4264024488034024	2523.3833333333337	-0.2715902047863912
427	3365.2441672737023	2344.65172673817	0.4264024488034024	2523.3833333333337	0.0742431285469427
428	3308.205198536132	2859.8234175902467	0.4264024488034024	2523.3833333333337	0.4200764618802757
429	3066.582794748174	3272.3393933338775	0.4264024488034024	2523.3833333333337	0.7659097952136094
430	945.3191803243545	754.0306301465089	0.4264024488034024	2690.05	-2.3465902047863905
431	1445.2292354497752	507.45510993513903	0.4264024488034024	2690.05	-2.0007568714530573
432	1999.1256280273299	444.9384187832561	0.4264024488034024	2690.05	-1.654923538119724
433	2541.419597771362	573.8833712330022	0.4264024488034024	2690.05	-1.3090902047863908
434	3007.896266840943	879.0211558430981	0.4264024488034024	2690.05	-0.9632568714530576
435	3343.3185424576204	1324.2193672087083	0.4264024488034024	2690.05	-0.6174235381197242
436	3507.9679293852814	1856.7605672743498	0.4264024488034024	2690.05	-0.2715902047863912
437	3516.987430342492	2413.5847369075645	0.4264024488034024	2690.05	0.0742431285469427
438	3459.9484616049217	2928.756427759641	0.4264024488034024	2690.05	0.4200764618802757
439	3218.326057816964	3341.2724035032716	0.4264024488034024	2690.05	0.7659097952136094
440	1097.0624433931443	822.9636403159029	0.4264024488034024	2856.7166666666667	-2.3465902047863905
441	1596.972498518565	576.3881201045331	0.4264024488034024	2856.7166666666667	-2.0007568714530573
442	2150.8688910961196	513.8714289526501	0.4264024488034024	2856.7166666666667	-1.654923538119724
443	2693.162860840152	642.8163814023962	0.4264024488034024	2856.7166666666667	-1.3090902047863908
444	3159.639529909733	947.9541660124921	0.4264024488034024	2856.7166666666667	-0.9632568714530576
445	3495.0618055264104	1393.1523773781023	0.4264024488034024	2856.7166666666667	-0.6174235381197242
446	3659.7111924540714	1925.6935774437438	0.4264024488034024	2856.7166666666667	-0.2715902047863912
447	3668.730693411282	2482.5177470769586	0.4264024488034024	2856.7166666666667	0.0742431285469427
448	3611.6917246737116	2997.689437929035	0.4264024488034024	2856.7166666666667	0.4200764618802757
449	3370.0693208857538	3410.2054136726656	0.4264024488034024	2856.7166666666667	0.7659097952136094
450	1248.8057064619338	891.896650485297	0.4264024488034024	3023.383333333333	-2.3465902047863905
451	1748.7157615873546	645.3211302739271	0.4264024488034024	3023.383333333333	-2.0007568714530573
452	2302.612154164909	582.8044391220442	0.4264024488034024	3023.383333333333	-1.654923538119724
453	2844.9061239089415	711.7493915717903	0.4264024488034024	3023.383333333333	-1.3090902047863908
454	3311.382792978522	1016.8871761818862	0.4264024488034024	3023.383333333333	-0.9632568714530576
455	3646.8050685952	1462.0853875474963	0.4264024488034024	3023.383333333333	-0.6174235381197242
456	3811.4544555228604	1994.6265876131379	0.4264024488034024	3023.383333333333	-0.2715902047863912
457	3820.473956480072	2551.4507572463526	0.4264024488034024	3023.383333333333	0.0742431285469427
458	3763.434987742501	3066.6224480984292	0.4264024488034024	3023.383333333333	0.4200764618802757
459	3521.8125839545437	3479.1384238420596	0.4264024488034024	3023.383333333333	0.7659097952136094
460	1400.5489695307242	960.8296606546915	0.4264024488034024	3190.05	-2.3465902047863905
461	1900.459024656145	714.2541404433216	0.4264024488034024	3190.05	-2.0007568714530573
462	2454.3554172336994	651.7374492914387	0.4264024488034024	3190.05	-1.654923538119724
463	2996.649386977732	780.6824017411848	0.4264024488034024	3190.05	-1.3090902047863908
464	3463.126056047313	1085.8201863512807	0.4264024488034024	3190.05	-0.9632568714530576
465	3798.54833166399	1531.0183977168908	0.4264024488034024	3190.05	-0.6174235381197242
466	3963.197718591651	2063.5595977825324	0.4264024488034024	3190.05	-0.2715902047863912
467	3972.217219548862	2620.3837674157467	0.4264024488034024	3190.05	0.0742431285469427
468	3915.1782508112915	3135.5554582678237	0.4264024488034024	3190.05	0.4200764618802757
469	3673.5558470233336	3548.071434011454	0.4264024488034024	3190.05	0.7659097952136094
470	1552.2922325995137	1029.7626708240855	0.4264024488034024	3356.7166666666667	-2.3465902047863905
471	2052.202287724934	783.1871506127156	0.4264024488034024	3356.7166666666667	-2.0007568714530573
472	2606.098680302489	720.6704594608327	0.4264024488034024	3356.7166666666667	-1.654923538119724
473	3148.3926500465213	849.6154119105788	0.4264024488034024	3356.7166666666667	-1.3090902047863908
474	3614.869319116102	1154.7531965206747	0.4264024488034024	3356.7166666666667	-0.9632568714530576
475	3950.2915947327797	1599.9514078862849	0.4264024488034024	3356.7166666666667	-0.6174235381197242
476	4114.94098166044	2132.4926079519264	0.4264024488034024	3356.7166666666667	-0.2715902047863912
477	4123.960482617652	2689.3167775851407	0.4264024488034024	3356.7166666666667	0.0742431285469427
478	4066.921513880081	3204.4884684372178	0.4264024488034024	3356.7166666666667	0.4200764618802757
479	3825.2991100921236	3617.004444180848	0.4264024488034024	3356.7166666666667	0.7659097952136094
480	1704.0354956683036	1098.69568099348	0.4264024488034024	3523.383333333333	-2.3465902047863905
481	2203.945550793724	852.1201607821101	0.4264024488034024	3523.383333333333	-2.0007568714530573
482	2757.841943371279	789.6034696302272	0.4264024488034024	3523.383333333333	-1.654923538119724
483	3300.1359131153113	918.5484220799733	0.4264024488034024	3523.383333333333	-1.3090902047863908
484	3766.612582184892	1223.6862066900692	0.4264024488034024	3523.383333333333	-0.9632568714530576
485	4102.034857801569	1668.8844180556794	0.4264024488034024	3523.383333333333	-0.6174235381197242
486	4266.68424472923	2201.425618121321	0.4264024488034024	3523.383333333333	-0.2715902047863912
487	4275.703745686442	2758.2497877545356	0.4264024488034024	3523.383333333333	0.0742431285469427
488	4218.664776948871	3273.4214786066123	0.4264024488034024	3523.383333333333	0.4200764618802757
489	3977.0423731609135	3685.9374543502427	0.4264024488034024	3523.383333333333	0.7659097952136094
490	1855.7787587370935	1167.628691162874	0.4264024488034024	3690.05	-2.3465902047863905
491	2355.688813862514	921.0531709515042	0.4264024488034024	3690.05	-2.0007568714530573
492	2909.5852064400688	858.5364797996212	0.4264024488034024	3690.05	-1.654923538119724
493	3451.879176184101	987.4814322493673	0.4264024488034024	3690.05	-1.3090902047863908
494	3918.3558452536818	1292.6192168594632	0.4264024488034024	3690.05	-0.9632568714530576
495	4253.77812087036	1737.8174282250734	0.4264024488034024	3690.05	-0.6174235381197242
496	4418.42750779802	2270.358628290715	0.4264024488034024	3690.05	-0.2715902047863912
497	4427.447008755232	2827.1827979239297	0.4264024488034024	3690.05	0.0742431285469427
498	4370.408040017661	3342.3544887760063	0.4264024488034024	3690.05	0.4200764618802757
499	4128.785636229703	3754.8704645196367	0.4264024488034024	3690.05	0.7659097952136094
500	386.61041858842066	747.0670627907912	0.5292024488034024	2190.05	-2.3465902047863905
501	886.5204737138413	500.4915425794213	0.5292024488034024	2190.05	-2.0007568714530573
502	1440.416866291396	437.9748514275384	0.5292024488034024	2190.05	-1.654923538119724
503	1982.7108360354282	566.9198038772845	0.5292024488034024	2190.05	-1.3090902047863908
504	2449.187505105009	872.0575884873804	0.5292024488034024	2190.05	-0.9632568714530576
505	2784.6097807216865	1317.2557998529905	0.5292024488034024	2190.05	-0.6174235381197242
506	2949.2591676493475	1849.796999918632	0.5292024488034024	2190.05	-0.2715902047863912
507	2958.2786686065583	2406.621169551847	0.5292024488034024	2190.05	0.0742431285469427
508	2901.239699868988	2921.7928604039234	0.5292024488034024	2190.05	0.4200764618802757
509	2659.61729608103	3334.308836147554	0.5292024488034024	2190.05	0.7659097952136094
510	530.4787493855303	831.2079040715348	0.5292024488034024	2356.7166666666667	-2.3465902047863905
511	1030.3888045109509	584.632383860165	0.5292024488034024	2356.7166666666667	-2.0007568714530573
512	1584.2851970885056	522.115692708282	0.5292024488034024	2356.7166666666667	-1.654923538119724
513	2126.579166832538	651.0606451580281	0.5292024488034024	2356.7166666666667	-1.3090902047863908
514	2593.055835902119	956.198429768124	0.5292024488034024	2356.7166666666667	-0.9632568714530576
515	2928.478111518796	1401.3966411337342	0.5292024488034024	2356.7166666666667	-0.6174235381197242
516	3093.127498446457	1933.9378411993757	0.5292024488034024	2356.7166666666667	-0.2715902047863912
517	3102.146999403668	2490.76201083259	0.5292024488034024	2356.7166666666667	0.0742431285469427
518	3045.1080306660974	3005.933701684667	0.5292024488034024	2356.7166666666667	0.4200764618802757
519	2803.4856268781396	3418.4496774282975	0.5292024488034024	2356.7166666666667	0.7659097952136094
520	674.3470801826398	915.3487453522785	0.5292024488034024	2523.3833333333337	-2.3465902047863905
521	1174.2571353080605	668.7732251409086	0.5292024488034024	2523.3833333333337	-2.0007568714530573
522	1728.1535278856152	606.2565339890257	0.5292024488034024	2523.3833333333337	-1.654923538119724
523	2270.4474976296474	735.2014864387718	0.5292024488034024	2523.3833333333337	-1.3090902047863908
524	2736.9241666992284	1040.3392710488677	0.5292024488034024	2523.3833333333337	-0.9632568714530576
525	3072.3464423159057	1485.5374824144778	0.5292024488034024	2523.3833333333337	-0.6174235381197242
526	3236.9958292435667	2018.0786824801194	0.5292024488034024	2523.3833333333337	-0.2715902047863912
527	3246.0153302007775	2574.902852113334	0.5292024488034024	2523.3833333333337	0.0742431285469427
528	3188.976361463207	3090.0745429654107	0.5292024488034024	2523.3833333333337	0.4200764618802757
529	2947.353957675249	3502.590518709041	0.5292024488034024	2523.3833333333337	0.7659097952136094
530	818.215410979749	999.4895866330226	0.5292024488034024	2690.05	-2.3465902047863905
531	1318.1254661051696	752.9140664216527	0.5292024488034024	2690.05	-2.0007568714530573
532	1872.0218586827243	690.3973752697698	0.5292024488034024	2690.05	-1.654923538119724
533	2414.3158284267565	819.3423277195159	0.5292024488034024	2690.05	-1.3090902047863908
534	2880.792497496337	1124.4801123296118	0.5292024488034024	2690.05	-0.9632568714530576
535	3216.214773113015	1569.678323695222	0.5292024488034024	2690.05	-0.6174235381197242
536	3380.8641600406754	2102.2195237608635	0.5292024488034024	2690.05	-0.2715902047863912
537	3389.883660997887	2659.043693394078	0.5292024488034024	2690.05	0.0742431285469427
538	3332.844692260316	3174.215384246155	0.5292024488034024	2690.05	0.4200764618802757
539	3091.2222884723587	3586.7313599897852	0.5292024488034024	2690.05	0.7659097952136094
540	962.0837417768581	1083.6304279137657	0.5292024488034024	2856.7166666666667	-2.3465902047863905
541	1461.9937969022787	837.0549077023959	0.5292024488034024	2856.7166666666667	-2.0007568714530573
542	2015.8901894798335	774.538216550513	0.5292024488034024	2856.7166666666667	-1.654923538119724
543	2558.1841592238657	903.4831690002591	0.5292024488034024	2856.7166666666667	-1.3090902047863908
544	3024.6608282934467	1208.620953610355	0.5292024488034024	2856.7166666666667	-0.9632568714530576
545	3360.083103910124	1653.8191649759651	0.5292024488034024	2856.7166666666667	-0.6174235381197242
546	3524.732490837785	2186.3603650416067	0.5292024488034024	2856.7166666666667	-0.2715902047863912
547	3533.751991794996	2743.1845346748214	0.5292024488034024	2856.7166666666667	0.0742431285469427
548	3476.7130230574253	3258.356225526898	0.5292024488034024	2856.7166666666667	0.4200764618802757
549	3235.0906192694674	3670.8722012705284	0.5292024488034024	2856.7166666666667	0.7659097952136094
550	1105.9520725739671	1167.7712691945098	0.5292024488034024	3023.383333333333	-2.3465902047863905
551	1605.8621276993879	921.19574898314	0.5292024488034024	3023.383333333333	-2.0007568714530573
552	2159.7585202769424	858.6790578312571	0.5292024488034024	3023.383333333333	-1.654923538119724
553	2702.052490020975	987.6240102810032	0.5292024488034024	3023.383333333333	-1.3090902047863908
554	3168.5291590905554	1292.761794891099	0.5292024488034024	3023.383333333333	-0.9632568714530576
555	3503.951434707233	1737.9600062567092	0.5292024488034024	3023.383333333333	-0.6174235381197242
556	3668.6008216348937	2270.5012063223508	0.5292024488034024	3023.383333333333	-0.2715902047863912
557	3677.6203225921054	2827.3253759555655	0.5292024488034024	3023.383333333333	0.0742431285469427
558	3620.5813538545344	3342.497066807642	0.5292024488034024	3023.383333333333	0.4200764618802757
559	3378.958950066577	3755.0130425512725	0.5292024488034024	3023.383333333333	0.7659097952136094
560	1249.8204033710767	1251.912110475253	0.5292024488034024	3190.05	-2.3465902047863905
561	1749.7304584964975	1005.3365902638832	0.5292024488034024	3190.05	-2.0007568714530573
562	2303.626851074052	942.8198991120003	0.5292024488034024	3190.05	-1.654923538119724
563	2845.9208208180844	1071.7648515617464	0.5292024488034024	3190.05	-1.3090902047863908
564	3312.397489887665	1376.9026361718422	0.5292024488034024	3190.05	-0.9632568714530576
565	3647.8197655043427	1822.1008475374524	0.5292024488034024	3190.05	-0.6174235381197242
566	3812.4691524320033	2354.642047603094	0.5292024488034024	3190.05	-0.2715902047863912
567	3821.488653389215	2911.4662172363087	0.5292024488034024	3190.05	0.0742431285469427
568	3764.449684651644	3426.6379080883853	0.5292024488034024	3190.05	0.4200764618802757
569	3522.8272808636866	3839.1538838320157	0.5292024488034024	3190.05	0.7659097952136094
570	1393.6887341681859	1336.0529517559971	0.5292024488034024	3356.7166666666667	-2.3465902047863905
571	1893.5987892936066	1089.4774315446273	0.5292024488034024	3356.7166666666667	-2.0007568714530573
572	2447.495181871161	1026.9607403927444	0.5292024488034024	3356.7166666666667	-1.654923538119724
573	2989.7891516151935	1155.9056928424905	0.5292024488034024	3356.7166666666667	-1.3090902047863908
574	3456.2658206847746	1461.0434774525863	0.5292024488034024	3356.7166666666667	-0.9632568714530576
575	3791.688096301452	1906.2416888181965	0.5292024488034024	3356.7166666666667	-0.6174235381197242
576	3956.337483229113	2438.782888883838	0.5292024488034024	3356.7166666666667	-0.2715902047863912
577	3965.3569841863236	2995.607058517053	0.5292024488034024	3356.7166666666667	0.0742431285469427
578	3908.318015448753	3510.7787493691294	0.5292024488034024	3356.7166666666667	0.4200764618802757
579	3666.6956116607953	3923.29472511276	0.5292024488034024	3356.7166666666667	0.7659097952136094
580	1537.5570649652955	1420.1937930367403	0.5292024488034024	3523.383333333333	-2.3465902047863905
581	2037.4671200907162	1173.6182728253705	0.5292024488034024	3523.383333333333	-2.0007568714530573
582	2591.3635126682707	1111.1015816734875	0.5292024488034024	3523.383333333333	-1.654923538119724
583	3133.657482412303	1240.0465341232336	0.5292024488034024	3523.383333333333	-1.3090902047863908
584	3600.134151481884	1545.1843187333295	0.5292024488034024	3523.383333333333	-0.9632568714530576
585	3935.5564270985615	1990.3825300989397	0.5292024488034024	3523.383333333333	-0.6174235381197242
586	4100.2058140262225	2522.9237301645812	0.5292024488034024	3523.383333333333	-0.2715902047863912
587	4109.225314983433	3079.747899797796	0.5292024488034024	3523.383333333333	0.0742431285469427
588	4052.1863462458628	3594.9195906498726	0.5292024488034024	3523.383333333333	0.4200764618802757
589	3810.563942457905	4007.435566393503	0.5292024488034024	3523.383333333333	0.7659097952136094
590	1681.425395762405	1504.3346343174844	0.5292024488034024	3690.05	-2.3465902047863905
591	2181.3354508878256	1257.7591141061146	0.5292024488034024	3690.05	-2.0007568714530573
592	2735.2318434653803	1195.2424229542316	0.5292024488034024	3690.05	-1.654923538119724
593	3277.5258132094127	1324.1873754039777	0.5292024488034024	3690.05	-1.3090902047863908
594	3744.0024822789937	1629.3251600140736	0.5292024488034024	3690.05	-0.9632568714530576
595	4079.424757895671	2074.523371379684	0.5292024488034024	3690.05	-0.6174235381197242
596	4244.074144823332	2607.0645714453253	0.5292024488034024	3690.05	-0.2715902047863912
597	4253.093645780543	3163.88874107854	0.5292024488034024	3690.05	0.0742431285469427
598	4196.054677042972	3679.0604319306167	0.5292024488034024	3690.05	0.4200764618802757
599	3954.4322732550145	4091.576407674247	0.5292024488034024	3690.05	0.7659097952136094
600	263.1708172698319	935.228628779817	0.6320024488034024	2190.05	-2.3465902047863905
601	763.0808723952525	688.6531085684471	0.6320024488034024	2190.05	-2.0007568714530573
602	1316.9772649728072	626.1364174165642	0.6320024488034024	2190.05	-1.654923538119724
603	1859.2712347168394	755.0813698663103	0.6320024488034024	2190.05	-1.3090902047863908
604	2325.7479037864205	1060.2191544764062	0.6320024488034024	2190.05	-0.9632568714530576
605	2661.170179403098	1505.4173658420164	0.6320024488034024	2190.05	-0.6174235381197242
606	2825.819566330759	2037.9585659076579	0.6320024488034024	2190.05	-0.2715902047863912
607	2834.8390672879696	2594.7827355408726	0.6320024488034024	2190.05	0.0742431285469427
608	2777.800098550399	3109.9544263929492	0.6320024488034024	2190.05	0.4200764618802757
609	2536.177694762441	3522.4704021365797	0.6320024488034024	2190.05	0.7659097952136094
610	397.6451767482814	1033.6888970134478	0.6320024488034024	2356.7166666666667	-2.3465902047863905
611	897.555231873702	787.1133768020779	0.6320024488034024	2356.7166666666667	-2.0007568714530573
612	1451.4516244512567	724.596685650195	0.6320024488034024	2356.7166666666667	-1.654923538119724
613	1993.745594195289	853.5416380999411	0.6320024488034024	2356.7166666666667	-1.3090902047863908
614	2460.22226326487	1158.679422710037	0.6320024488034024	2356.7166666666667	-0.9632568714530576
615	2795.6445388815473	1603.8776340756472	0.6320024488034024	2356.7166666666667	-0.6174235381197242
616	2960.2939258092083	2136.4188341412887	0.6320024488034024	2356.7166666666667	-0.2715902047863912
617	2969.313426766419	2693.2430037745034	0.6320024488034024	2356.7166666666667	0.0742431285469427
618	2912.2744580288486	3208.41469462658	0.6320024488034024	2356.7166666666667	0.4200764618802757
619	2670.6520542408907	3620.9306703702105	0.6320024488034024	2356.7166666666667	0.7659097952136094
620	532.1195362267309	1132.1491652470795	0.6320024488034024	2523.3833333333337	-2.3465902047863905
621	1032.0295913521516	885.5736450357097	0.6320024488034024	2523.3833333333337	-2.0007568714530573
622	1585.9259839297063	823.0569538838267	0.6320024488034024	2523.3833333333337	-1.654923538119724
623	2128.2199536737385	952.0019063335728	0.6320024488034024	2523.3833333333337	-1.3090902047863908
624	2594.6966227433195	1257.1396909436687	0.6320024488034024	2523.3833333333337	-0.9632568714530576
625	2930.118898359997	1702.337902309279	0.6320024488034024	2523.3833333333337	-0.6174235381197242
626	3094.768285287658	2234.8791023749204	0.6320024488034024	2523.3833333333337	-0.2715902047863912
627	3103.7877862448686	2791.703272008135	0.6320024488034024	2523.3833333333337	0.0742431285469427
628	3046.748817507298	3306.874962860212	0.6320024488034024	2523.3833333333337	0.4200764618802757
629	2805.1264137193402	3719.390938603842	0.6320024488034024	2523.3833333333337	0.7659097952136094
630	666.59389570518	1230.6094334807103	0.6320024488034024	2690.05	-2.3465902047863905
631	1166.5039508306006	984.0339132693405	0.6320024488034024	2690.05	-2.0007568714530573
632	1720.4003434081553	921.5172221174575	0.6320024488034024	2690.05	-1.654923538119724
633	2262.6943131521875	1050.4621745672036	0.6320024488034024	2690.05	-1.3090902047863908
634	2729.170982221768	1355.5999591772995	0.6320024488034024	2690.05	-0.9632568714530576
635	3064.593257838446	1800.7981705429097	0.6320024488034024	2690.05	-0.6174235381197242
636	3229.2426447661064	2333.3393706085512	0.6320024488034024	2690.05	-0.2715902047863912
637	3238.262145723318	2890.163540241766	0.6320024488034024	2690.05	0.0742431285469427
638	3181.223176985747	3405.3352310938426	0.6320024488034024	2690.05	0.4200764618802757
639	2939.6007731977897	3817.851206837473	0.6320024488034024	2690.05	0.7659097952136094
640	801.068255183629	1329.0697017143411	0.6320024488034024	2856.7166666666667	-2.3465902047863905
641	1300.9783103090497	1082.4941815029713	0.6320024488034024	2856.7166666666667	-2.0007568714530573
642	1854.8747028866044	1019.9774903510884	0.6320024488034024	2856.7166666666667	-1.654923538119724
643	2397.1686726306366	1148.9224428008345	0.6320024488034024	2856.7166666666667	-1.3090902047863908
644	2863.6453417002176	1454.0602274109303	0.6320024488034024	2856.7166666666667	-0.9632568714530576
645	3199.067617316895	1899.2584387765405	0.6320024488034024	2856.7166666666667	-0.6174235381197242
646	3363.717004244556	2431.799638842182	0.6320024488034024	2856.7166666666667	-0.2715902047863912
647	3372.7365052017667	2988.623808475397	0.6320024488034024	2856.7166666666667	0.0742431285469427
648	3315.697536464196	3503.7954993274734	0.6320024488034024	2856.7166666666667	0.4200764618802757
649	3074.0751326762384	3916.311475071104	0.6320024488034024	2856.7166666666667	0.7659097952136094
650	935.5426146620781	1427.529969947972	0.6320024488034024	3023.383333333333	-2.3465902047863905
651	1435.4526697874987	1180.954449736602	0.6320024488034024	3023.383333333333	-2.0007568714530573
652	1989.3490623650534	1118.4377585847192	0.6320024488034024	3023.383333333333	-1.654923538119724
653	2531.6430321090857	1247.3827110344653	0.6320024488034024	3023.383333333333	-1.3090902047863908
654	2998.119701178666	1552.5204956445612	0.6320024488034024	3023.383333333333	-0.9632568714530576
655	3333.541976795344	1997.7187070101713	0.6320024488034024	3023.383333333333	-0.6174235381197242
656	3498.1913637230045	2530.259907075813	0.6320024488034024	3023.383333333333	-0.2715902047863912
657	3507.210864680216	3087.0840767090276	0.6320024488034024	3023.383333333333	0.0742431285469427
658	3450.1718959426453	3602.255767561104	0.6320024488034024	3023.383333333333	0.4200764618802757
659	3208.549492154688	4014.7717433047346	0.6320024488034024	3023.383333333333	0.7659097952136094
660	1070.0169741405275	1525.9902381816037	0.6320024488034024	3190.05	-2.3465902047863905
661	1569.9270292659482	1279.4147179702338	0.6320024488034024	3190.05	-2.0007568714530573
662	2123.8234218435027	1216.898026818351	0.6320024488034024	3190.05	-1.654923538119724
663	2666.117391587535	1345.842979268097	0.6320024488034024	3190.05	-1.3090902047863908
664	3132.5940606571157	1650.9807638781929	0.6320024488034024	3190.05	-0.9632568714530576
665	3468.0163362737935	2096.178975243803	0.6320024488034024	3190.05	-0.6174235381197242
666	3632.665723201454	2628.7201753094446	0.6320024488034024	3190.05	-0.2715902047863912
667	3641.6852241586657	3185.5443449426593	0.6320024488034024	3190.05	0.0742431285469427
668	3584.646255421095	3700.716035794736	0.6320024488034024	3190.05	0.4200764618802757
669	3343.0238516331374	4113.232011538366	0.6320024488034024	3190.05	0.7659097952136094
670	1204.491333618977	1624.4505064152345	0.6320024488034024	3356.7166666666667	-2.3465902047863905
671	1704.4013887443978	1377.8749862038646	0.6320024488034024	3356.7166666666667	-2.0007568714530573
672	2258.2977813219522	1315.3582950519817	0.6320024488034024	3356.7166666666667	-1.654923538119724
673	2800.5917510659847	1444.3032475017278	0.6320024488034024	3356.7166666666667	-1.3090902047863908
674	3267.0684201355652	1749.4410321118237	0.6320024488034024	3356.7166666666667	-0.9632568714530576
675	3602.490695752243	2194.639243477434	0.6320024488034024	3356.7166666666667	-0.6174235381197242
676	3767.1400826799036	2727.1804435430754	0.6320024488034024	3356.7166666666667	-0.2715902047863912
677	3776.1595836371152	3284.00461317629	0.6320024488034024	3356.7166666666667	0.0742431285469427
678	3719.1206148995443	3799.1763040283668	0.6320024488034024	3356.7166666666667	0.4200764618802757
679	3477.498211111587	4211.692279771997	0.6320024488034024	3356.7166666666667	0.7659097952136094
680	1338.965693097426	1722.9107746488653	0.6320024488034024	3523.383333333333	-2.3465902047863905
681	1838.8757482228468	1476.3352544374955	0.6320024488034024	3523.383333333333	-2.0007568714530573
682	2392.7721408004013	1413.8185632856125	0.6320024488034024	3523.383333333333	-1.654923538119724
683	2935.0661105444337	1542.7635157353586	0.6320024488034024	3523.383333333333	-1.3090902047863908
684	3401.5427796140148	1847.9013003454545	0.6320024488034024	3523.383333333333	-0.9632568714530576
685	3736.965055230692	2293.0995117110647	0.6320024488034024	3523.383333333333	-0.6174235381197242
686	3901.614442158353	2825.640711776706	0.6320024488034024	3523.383333333333	-0.2715902047863912
687	3910.633943115564	3382.464881409921	0.6320024488034024	3523.383333333333	0.0742431285469427
688	3853.5949743779934	3897.6365722619976	0.6320024488034024	3523.383333333333	0.4200764618802757
689	3611.9725705900355	4310.152548005628	0.6320024488034024	3523.383333333333	0.7659097952136094
690	1473.4400525758756	1821.3710428824966	0.6320024488034024	3690.05	-2.3465902047863905
691	1973.3501077012963	1574.7955226711267	0.6320024488034024	3690.05	-2.0007568714530573
692	2527.246500278851	1512.2788315192438	0.6320024488034024	3690.05	-1.654923538119724
693	3069.5404700228833	1641.22378396899	0.6320024488034024	3690.05	-1.3090902047863908
694	3536.0171390924643	1946.3615685790858	0.6320024488034024	3690.05	-0.9632568714530576
695	3871.4394147091416	2391.559779944696	0.6320024488034024	3690.05	-0.6174235381197242
696	4036.0888016368026	2924.1009800103375	0.6320024488034024	3690.05	-0.2715902047863912
697	4045.1083025940134	3480.925149643552	0.6320024488034024	3690.05	0.0742431285469427
698	3988.069333856443	3996.096840495629	0.6320024488034024	3690.05	0.4200764618802757
699	3746.446930068485	4408.61281623926	0.6320024488034024	3690.05	0.7659097952136094
700	121.07392871979175	1109.72958681023	0.7348024488034024	2190.05	-2.3465902047863905
701	620.9839838452124	863.1540665988603	0.7348024488034024	2190.05	-2.0007568714530573
702	1174.880376422767	800.6373754469773	0.7348024488034024	2190.05	-1.654923538119724
703	1717.1743461667993	929.5823278967234	0.7348024488034024	2190.05	-1.3090902047863908
704	2183.65101523638	1234.7201125068193	0.7348024488034024	2190.05	-0.9632568714530576
705	2519.0732908530576	1679.9183238724295	0.7348024488034024	2190.05	-0.6174235381197242
706	2683.722677780718	2212.459523938071	0.7348024488034024	2190.05	-0.2715902047863912
707	2692.74217873793	2769.2836935712858	0.7348024488034024	2190.05	0.0742431285469427
708	2635.703210000359	3284.4553844233624	0.7348024488034024	2190.05	0.4200764618802757
709	2394.0808062124015	3696.971360166993	0.7348024488034024	2190.05	0.7659097952136094
710	244.73446442328589	1221.4696856436503	0.7348024488034024	2356.7166666666667	-2.3465902047863905
711	744.6445195487065	974.8941654322805	0.7348024488034024	2356.7166666666667	-2.0007568714530573
712	1298.5409121262612	912.3774742803976	0.7348024488034024	2356.7166666666667	-1.654923538119724
713	1840.8348818702934	1041.3224267301437	0.7348024488034024	2356.7166666666667	-1.3090902047863908
714	2307.311550939874	1346.4602113402395	0.7348024488034024	2356.7166666666667	-0.9632568714530576
715	2642.733826556552	1791.6584227058497	0.7348024488034024	2356.7166666666667	-0.6174235381197242
716	2807.3832134842123	2324.1996227714912	0.7348024488034024	2356.7166666666667	-0.2715902047863912
717	2816.402714441424	2881.023792404706	0.7348024488034024	2356.7166666666667	0.0742431285469427
718	2759.363745703853	3396.1954832567826	0.7348024488034024	2356.7166666666667	0.4200764618802757
719	2517.7413419158956	3808.711459000413	0.7348024488034024	2356.7166666666667	0.7659097952136094
720	368.3950001267805	1333.2097844770715	0.7348024488034024	2523.3833333333337	-2.3465902047863905
721	868.3050552522011	1086.6342642657016	0.7348024488034024	2523.3833333333337	-2.0007568714530573
722	1422.2014478297558	1024.1175731138187	0.7348024488034024	2523.3833333333337	-1.654923538119724
723	1964.495417573788	1153.0625255635648	0.7348024488034024	2523.3833333333337	-1.3090902047863908
724	2430.972086643369	1458.2003101736607	0.7348024488034024	2523.3833333333337	-0.9632568714530576
725	2766.3943622600464	1903.3985215392709	0.7348024488034024	2523.3833333333337	-0.6174235381197242
726	2931.0437491877074	2435.9397216049124	0.7348024488034024	2523.3833333333337	-0.2715902047863912
727	2940.063250144918	2992.763891238127	0.7348024488034024	2523.3833333333337	0.0742431285469427
728	2883.0242814073476	3507.9355820902038	0.7348024488034024	2523.3833333333337	0.4200764618802757
729	2641.40187761939	3920.451557833834	0.7348024488034024	2523.3833333333337	0.7659097952136094
730	492.0555358302746	1444.9498833104917	0.7348024488034024	2690.05	-2.3465902047863905
731	991.9655909556952	1198.3743630991219	0.7348024488034024	2690.05	-2.0007568714530573
732	1545.86198353325	1135.857671947239	0.7348024488034024	2690.05	-1.654923538119724
733	2088.155953277282	1264.802624396985	0.7348024488034024	2690.05	-1.3090902047863908
734	2554.632622346863	1569.940409007081	0.7348024488034024	2690.05	-0.9632568714530576
735	2890.0548979635405	2015.138620372691	0.7348024488034024	2690.05	-0.6174235381197242
736	3054.7042848912015	2547.6798204383326	0.7348024488034024	2690.05	-0.2715902047863912
737	3063.7237858484123	3104.5039900715474	0.7348024488034024	2690.05	0.0742431285469427
738	3006.684817110842	3619.675680923624	0.7348024488034024	2690.05	0.4200764618802757
739	2765.062413322884	4032.1916566672544	0.7348024488034024	2690.05	0.7659097952136094
740	615.7160715337692	1556.689982143912	0.7348024488034024	2856.7166666666667	-2.3465902047863905
741	1115.6261266591898	1310.114461932542	0.7348024488034024	2856.7166666666667	-2.0007568714530573
742	1669.5225192367445	1247.5977707806592	0.7348024488034024	2856.7166666666667	-1.654923538119724
743	2211.8164889807767	1376.5427232304053	0.7348024488034024	2856.7166666666667	-1.3090902047863908
744	2678.2931580503573	1681.6805078405011	0.7348024488034024	2856.7166666666667	-0.9632568714530576
745	3013.715433667035	2126.8787192061113	0.7348024488034024	2856.7166666666667	-0.6174235381197242
746	3178.3648205946956	2659.419919271753	0.7348024488034024	2856.7166666666667	-0.2715902047863912
747	3187.3843215519073	3216.2440889049676	0.7348024488034024	2856.7166666666667	0.0742431285469427
748	3130.3453528143364	3731.415779757044	0.7348024488034024	2856.7166666666667	0.4200764618802757
749	2888.722949026379	4143.931755500675	0.7348024488034024	2856.7166666666667	0.7659097952136094
750	739.3766072372633	1668.4300809773322	0.7348024488034024	3023.383333333333	-2.3465902047863905
751	1239.286662362684	1421.8545607659623	0.7348024488034024	3023.383333333333	-2.0007568714530573
752	1793.1830549402387	1359.3378696140794	0.7348024488034024	3023.383333333333	-1.654923538119724
753	2335.477024684271	1488.2828220638255	0.7348024488034024	3023.383333333333	-1.3090902047863908
754	2801.9536937538514	1793.4206066739214	0.7348024488034024	3023.383333333333	-0.9632568714530576
755	3137.375969370529	2238.6188180395316	0.7348024488034024	3023.383333333333	-0.6174235381197242
756	3302.0253562981898	2771.160018105173	0.7348024488034024	3023.383333333333	-0.2715902047863912
757	3311.0448572554014	3327.984187738388	0.7348024488034024	3023.383333333333	0.0742431285469427
758	3254.0058885178305	3843.1558785904645	0.7348024488034024	3023.383333333333	0.4200764618802757
759	3012.383484729873	4255.671854334095	0.7348024488034024	3023.383333333333	0.7659097952136094
760	863.0371429407579	1780.1701798107533	0.7348024488034024	3190.05	-2.3465902047863905
761	1362.9471980661785	1533.5946595993835	0.7348024488034024	3190.05	-2.0007568714530573
762	1916.8435906437333	1471.0779684475006	0.7348024488034024	3190.05	-1.654923538119724
763	2459.1375603877655	1600.0229208972466	0.7348024488034024	3190.05	-1.3090902047863908
764	2925.6142294573465	1905.1607055073425	0.7348024488034024	3190.05	-0.9632568714530576
765	3261.036505074024	2350.3589168729527	0.7348024488034024	3190.05	-0.6174235381197242
766	3425.685892001685	2882.9001169385942	0.7348024488034024	3190.05	-0.2715902047863912
767	3434.7053929588956	3439.724286571809	0.7348024488034024	3190.05	0.0742431285469427
768	3377.666424221325	3954.8959774238856	0.7348024488034024	3190.05	0.4200764618802757
769	3136.044020433367	4367.411953167516	0.7348024488034024	3190.05	0.7659097952136094
770	986.697678644252	1891.9102786441736	0.7348024488034024	3356.7166666666667	-2.3465902047863905
771	1486.6077337696727	1645.3347584328037	0.7348024488034024	3356.7166666666667	-2.0007568714530573
772	2040.5041263472274	1582.8180672809208	0.7348024488034024	3356.7166666666667	-1.654923538119724
773	2582.7980960912596	1711.7630197306669	0.7348024488034024	3356.7166666666667	-1.3090902047863908
774	3049.2747651608406	2016.9008043407628	0.7348024488034024	3356.7166666666667	-0.9632568714530576
775	3384.697040777518	2462.099015706373	0.7348024488034024	3356.7166666666667	-0.6174235381197242
776	3549.346427705179	2994.6402157720145	0.7348024488034024	3356.7166666666667	-0.2715902047863912
777	3558.3659286623897	3551.464385405229	0.7348024488034024	3356.7166666666667	0.0742431285469427
778	3501.326959924819	4066.636076257306	0.7348024488034024	3356.7166666666667	0.4200764618802757
779	3259.7045561368614	4479.152052000936	0.7348024488034024	3356.7166666666667	0.7659097952136094
780	1110.358214347746	2003.6503774775938	0.7348024488034024	3523.383333333333	-2.3465902047863905
781	1610.2682694731668	1757.074857266224	0.7348024488034024	3523.383333333333	-2.0007568714530573
782	2164.1646620507213	1694.558166114341	0.7348024488034024	3523.383333333333	-1.654923538119724
783	2706.4586317947537	1823.5031185640871	0.7348024488034024	3523.383333333333	-1.3090902047863908
784	3172.9353008643347	2128.640903174183	0.7348024488034024	3523.383333333333	-0.9632568714530576
785	3508.357576481012	2573.839114539793	0.7348024488034024	3523.383333333333	-0.6174235381197242
786	3673.006963408673	3106.3803146054347	0.7348024488034024	3523.383333333333	-0.2715902047863912
787	3682.026464365884	3663.2044842386495	0.7348024488034024	3523.383333333333	0.0742431285469427
788	3624.9874956283134	4178.376175090726	0.7348024488034024	3523.383333333333	0.4200764618802757
789	3383.3650918403555	4590.8921508343565	0.7348024488034024	3523.383333333333	0.7659097952136094
790	1234.0187500512407	2115.3904763110145	0.7348024488034024	3690.05	-2.3465902047863905
791	1733.9288051766614	1868.8149560996446	0.7348024488034024	3690.05	-2.0007568714530573
792	2287.825197754216	1806.2982649477617	0.7348024488034024	3690.05	-1.654923538119724
793	2830.1191674982483	1935.2432173975078	0.7348024488034024	3690.05	-1.3090902047863908
794	3296.595836567829	2240.3810020076035	0.7348024488034024	3690.05	-0.9632568714530576
795	3632.0181121845067	2685.579213373214	0.7348024488034024	3690.05	-0.6174235381197242
796	3796.667499112167	3218.1204134388554	0.7348024488034024	3690.05	-0.2715902047863912
797	3805.687000069379	3774.9445830720697	0.7348024488034024	3690.05	0.0742431285469427
798	3748.648031331808	4290.116273924146	0.7348024488034024	3690.05	0.4200764618802757
799	3507.0256275438505	4702.632249667777	0.7348024488034024	3690.05	0.7659097952136094
800	-38.17991185265282	1268.7274621169809	0.8376024488034024	2190.05	-2.3465902047863905
801	461.73014327276775	1022.151941905611	0.8376024488034024	2190.05	-2.0007568714530573
802	1015.6265358503224	959.6352507537281	0.8376024488034024	2190.05	-1.654923538119724
803	1557.9205055943548	1088.5802032034742	0.8376024488034024	2190.05	-1.3090902047863908
804	2024.3971746639354	1393.71798781357	0.8376024488034024	2190.05	-0.9632568714530576
805	2359.819450280613	1838.9161991791802	0.8376024488034024	2190.05	-0.6174235381197242
806	2524.4688372082737	2371.4573992448218	0.8376024488034024	2190.05	-0.2715902047863912
807	2533.488338165485	2928.2815688780365	0.8376024488034024	2190.05	0.0742431285469427
808	2476.4493694279145	3443.453259730113	0.8376024488034024	2190.05	0.4200764618802757
809	2234.8269656399566	3855.9692354737435	0.8376024488034024	2190.05	0.7659097952136094
810	73.36112577450797	1392.5675796186774	0.8376024488034024	2356.7166666666667	-2.3465902047863905
811	573.2711808999286	1145.9920594073076	0.8376024488034024	2356.7166666666667	-2.0007568714530573
812	1127.1675734774833	1083.4753682554247	0.8376024488034024	2356.7166666666667	-1.654923538119724
813	1669.4615432215155	1212.4203207051708	0.8376024488034024	2356.7166666666667	-1.3090902047863908
814	2135.9382122910965	1517.5581053152666	0.8376024488034024	2356.7166666666667	-0.9632568714530576
815	2471.360487907774	1962.7563166808768	0.8376024488034024	2356.7166666666667	-0.6174235381197242
816	2636.009874835435	2495.2975167465183	0.8376024488034024	2356.7166666666667	-0.2715902047863912
817	2645.0293757926456	3052.1216863797326	0.8376024488034024	2356.7166666666667	0.0742431285469427
818	2587.990407055075	3567.2933772318097	0.8376024488034024	2356.7166666666667	0.4200764618802757
819	2346.3680032671173	3979.80935297544	0.8376024488034024	2356.7166666666667	0.7659097952136094
820	184.9021634016691	1516.407697120374	0.8376024488034024	2523.3833333333337	-2.3465902047863905
821	684.8122185270897	1269.8321769090041	0.8376024488034024	2523.3833333333337	-2.0007568714530573
822	1238.7086111046444	1207.3154857571212	0.8376024488034024	2523.3833333333337	-1.654923538119724
823	1781.0025808486766	1336.2604382068673	0.8376024488034024	2523.3833333333337	-1.3090902047863908
824	2247.4792499182577	1641.3982228169632	0.8376024488034024	2523.3833333333337	-0.9632568714530576
825	2582.901525534935	2086.5964341825734	0.8376024488034024	2523.3833333333337	-0.6174235381197242
826	2747.550912462596	2619.137634248215	0.8376024488034024	2523.3833333333337	-0.2715902047863912
827	2756.5704134198068	3175.9618038814297	0.8376024488034024	2523.3833333333337	0.0742431285469427
828	2699.5314446822363	3691.1334947335063	0.8376024488034024	2523.3833333333337	0.4200764618802757
829	2457.9090408942784	4103.649470477137	0.8376024488034024	2523.3833333333337	0.7659097952136094
830	296.4432010288298	1640.247814622071	0.8376024488034024	2690.05	-2.3465902047863905
831	796.3532561542504	1393.6722944107012	0.8376024488034024	2690.05	-2.0007568714530573
832	1350.249648731805	1331.1556032588182	0.8376024488034024	2690.05	-1.654923538119724
833	1892.5436184758373	1460.1005557085643	0.8376024488034024	2690.05	-1.3090902047863908
834	2359.020287545418	1765.2383403186602	0.8376024488034024	2690.05	-0.9632568714530576
835	2694.4425631620957	2210.4365516842704	0.8376024488034024	2690.05	-0.6174235381197242
836	2859.091950089756	2742.977751749912	0.8376024488034024	2690.05	-0.2715902047863912
837	2868.111451046968	3299.8019213831267	0.8376024488034024	2690.05	0.0742431285469427
838	2811.072482309397	3814.9736122352033	0.8376024488034024	2690.05	0.4200764618802757
839	2569.4500785214395	4227.489587978834	0.8376024488034024	2690.05	0.7659097952136094
840	407.98423865599045	1764.0879321237676	0.8376024488034024	2856.7166666666667	-2.3465902047863905
841	907.8942937814111	1517.5124119123977	0.8376024488034024	2856.7166666666667	-2.0007568714530573
842	1461.7906863589658	1454.9957207605148	0.8376024488034024	2856.7166666666667	-1.654923538119724
843	2004.084656102998	1583.940673210261	0.8376024488034024	2856.7166666666667	-1.3090902047863908
844	2470.561325172579	1889.0784578203568	0.8376024488034024	2856.7166666666667	-0.9632568714530576
845	2805.9836007892563	2334.276669185967	0.8376024488034024	2856.7166666666667	-0.6174235381197242
846	2970.6329877169173	2866.8178692516085	0.8376024488034024	2856.7166666666667	-0.2715902047863912
847	2979.652488674128	3423.642038884823	0.8376024488034024	2856.7166666666667	0.0742431285469427
848	2922.6135199365576	3938.8137297369	0.8376024488034024	2856.7166666666667	0.4200764618802757
849	2680.9911161485998	4351.32970548053	0.8376024488034024	2856.7166666666667	0.7659097952136094
850	519.5252762831511	1887.9280496254642	0.8376024488034024	3023.383333333333	-2.3465902047863905
851	1019.4353314085718	1641.3525294140943	0.8376024488034024	3023.383333333333	-2.0007568714530573
852	1573.3317239861265	1578.8358382622114	0.8376024488034024	3023.383333333333	-1.654923538119724
853	2115.6256937301587	1707.7807907119575	0.8376024488034024	3023.383333333333	-1.3090902047863908
854	2582.1023627997392	2012.9185753220534	0.8376024488034024	3023.383333333333	-0.9632568714530576
855	2917.524638416417	2458.1167866876635	0.8376024488034024	3023.383333333333	-0.6174235381197242
856	3082.1740253440776	2990.657986753305	0.8376024488034024	3023.383333333333	-0.2715902047863912
857	3091.1935263012892	3547.48215638652	0.8376024488034024	3023.383333333333	0.0742431285469427
858	3034.1545575637183	4062.6538472385964	0.8376024488034024	3023.383333333333	0.4200764618802757
859	2792.532153775761	4475.169822982227	0.8376024488034024	3023.383333333333	0.7659097952136094
860	631.0663139103123	2011.7681671271612	0.8376024488034024	3190.05	-2.3465902047863905
861	1130.976369035733	1765.1926469157913	0.8376024488034024	3190.05	-2.0007568714530573
862	1684.8727616132876	1702.6759557639084	0.8376024488034024	3190.05	-1.654923538119724
863	2227.16673135732	1831.6209082136545	0.8376024488034024	3190.05	-1.3090902047863908
864	2693.6434004269004	2136.7586928237506	0.8376024488034024	3190.05	-0.9632568714530576
865	3029.065676043578	2581.9569041893606	0.8376024488034024	3190.05	-0.6174235381197242
866	3193.7150629712387	3114.498104255002	0.8376024488034024	3190.05	-0.2715902047863912
867	3202.7345639284504	3671.322273888217	0.8376024488034024	3190.05	0.0742431285469427
868	3145.6955951908794	4186.493964740293	0.8376024488034024	3190.05	0.4200764618802757
869	2904.073191402922	4599.009940483924	0.8376024488034024	3190.05	0.7659097952136094
870	742.6073515374734	2135.6082846288577	0.8376024488034024	3356.7166666666667	-2.3465902047863905
871	1242.517406662894	1889.032764417488	0.8376024488034024	3356.7166666666667	-2.0007568714530573
872	1796.4137992404487	1826.516073265605	0.8376024488034024	3356.7166666666667	-1.654923538119724
873	2338.707768984481	1955.461025715351	0.8376024488034024	3356.7166666666667	-1.3090902047863908
874	2805.1844380540615	2260.5988103254467	0.8376024488034024	3356.7166666666667	-0.9632568714530576
875	3140.6067136707393	2705.797021691057	0.8376024488034024	3356.7166666666667	-0.6174235381197242
876	3305.2561005984	3238.3382217566987	0.8376024488034024	3356.7166666666667	-0.2715902047863912
877	3314.2756015556115	3795.162391389913	0.8376024488034024	3356.7166666666667	0.0742431285469427
878	3257.2366328180406	4310.33408224199	0.8376024488034024	3356.7166666666667	0.4200764618802757
879	3015.614229030083	4722.850057985621	0.8376024488034024	3356.7166666666667	0.7659097952136094
880	854.1483891646341	2259.4484021305543	0.8376024488034024	3523.383333333333	-2.3465902047863905
881	1354.0584442900547	2012.8728819191845	0.8376024488034024	3523.383333333333	-2.0007568714530573
882	1907.9548368676094	1950.3561907673015	0.8376024488034024	3523.383333333333	-1.654923538119724
883	2450.2488066116416	2079.301143217048	0.8376024488034024	3523.383333333333	-1.3090902047863908
884	2916.7254756812226	2384.4389278271437	0.8376024488034024	3523.383333333333	-0.9632568714530576
885	3252.1477512979	2829.6371391927537	0.8376024488034024	3523.383333333333	-0.6174235381197242
886	3416.797138225561	3362.178339258395	0.8376024488034024	3523.383333333333	-0.2715902047863912
887	3425.8166391827717	3919.00250889161	0.8376024488034024	3523.383333333333	0.0742431285469427
888	3368.7776704452012	4434.174199743687	0.8376024488034024	3523.383333333333	0.4200764618802757
889	3127.1552666572434	4846.690175487317	0.8376024488034024	3523.383333333333	0.7659097952136094
890	965.6894267917952	2383.2885196322513	0.8376024488034024	3690.05	-2.3465902047863905
891	1465.5994819172158	2136.7129994208817	0.8376024488034024	3690.05	-2.0007568714530573
892	2019.4958744947705	2074.1963082689986	0.8376024488034024	3690.05	-1.654923538119724
893	2561.7898442388027	2203.141260718745	0.8376024488034024	3690.05	-1.3090902047863908
894	3028.2665133083838	2508.2790453288408	0.8376024488034024	3690.05	-0.9632568714530576
895	3363.688788925061	2953.4772566944507	0.8376024488034024	3690.05	-0.6174235381197242
896	3528.338175852722	3486.0184567600922	0.8376024488034024	3690.05	-0.2715902047863912
897	3537.357676809933	4042.842626393307	0.8376024488034024	3690.05	0.0742431285469427
898	3480.3187080723624	4558.014317245384	0.8376024488034024	3690.05	0.4200764618802757
899	3238.6963042844045	4970.530292989014	0.8376024488034024	3690.05	0.7659097952136094
900	-212.90921693130758	1410.5434698025201	0.9404024488034024	2190.05	-2.3465902047863905
901	287.000838194113	1163.9679495911503	0.9404024488034024	2190.05	-2.0007568714530573
902	840.8972307716676	1101.4512584392673	0.9404024488034024	2190.05	-1.654923538119724
903	1383.1912005157	1230.3962108890134	0.9404024488034024	2190.05	-1.3090902047863908
904	1849.6678695852806	1535.5339954991093	0.9404024488034024	2190.05	-0.9632568714530576
905	2185.0901452019584	1980.7322068647195	0.9404024488034024	2190.05	-0.6174235381197242
906	2349.739532129619	2513.273406930361	0.9404024488034024	2190.05	-0.2715902047863912
907	2358.75903308683	3070.097576563576	0.9404024488034024	2190.05	0.0742431285469427
908	2301.7200643492597	3585.2692674156524	0.9404024488034024	2190.05	0.4200764618802757
909	2060.097660561302	3997.785243159283	0.9404024488034024	2190.05	0.7659097952136094
910	-114.6653875169468	1545.176035550112	0.9404024488034024	2356.7166666666667	-2.3465902047863905
911	385.2446676084738	1298.600515338742	0.9404024488034024	2356.7166666666667	-2.0007568714530573
912	939.1410601860284	1236.0838241868591	0.9404024488034024	2356.7166666666667	-1.654923538119724
913	1481.4350299300609	1365.0287766366052	0.9404024488034024	2356.7166666666667	-1.3090902047863908
914	1947.9116989996414	1670.1665612467011	0.9404024488034024	2356.7166666666667	-0.9632568714530576
915	2283.333974616319	2115.3647726123113	0.9404024488034024	2356.7166666666667	-0.6174235381197242
916	2447.9833615439798	2647.905972677953	0.9404024488034024	2356.7166666666667	-0.2715902047863912
917	2457.002862501191	3204.7301423111676	0.9404024488034024	2356.7166666666667	0.0742431285469427
918	2399.9638937636205	3719.901833163244	0.9404024488034024	2356.7166666666667	0.4200764618802757
919	2158.3414899756626	4132.417808906875	0.9404024488034024	2356.7166666666667	0.7659097952136094
920	-16.42155810258555	1679.8086012977046	0.9404024488034024	2523.3833333333337	-2.3465902047863905
921	483.488497022835	1433.2330810863348	0.9404024488034024	2523.3833333333337	-2.0007568714530573
922	1037.3848896003897	1370.7163899344519	0.9404024488034024	2523.3833333333337	-1.654923538119724
923	1579.678859344422	1499.661342384198	0.9404024488034024	2523.3833333333337	-1.3090902047863908
924	2046.1555284140027	1804.7991269942938	0.9404024488034024	2523.3833333333337	-0.9632568714530576
925	2381.5778040306805	2249.997338359904	0.9404024488034024	2523.3833333333337	-0.6174235381197242
926	2546.227190958341	2782.5385384255455	0.9404024488034024	2523.3833333333337	-0.2715902047863912
927	2555.246691915552	3339.3627080587603	0.9404024488034024	2523.3833333333337	0.0742431285469427
928	2498.2077231779817	3854.534398910837	0.9404024488034024	2523.3833333333337	0.4200764618802757
929	2256.585319390024	4267.050374654467	0.9404024488034024	2523.3833333333337	0.7659097952136094
930	81.82227131177535	1814.4411670452964	0.9404024488034024	2690.05	-2.3465902047863905
931	581.732326437196	1567.8656468339266	0.9404024488034024	2690.05	-2.0007568714530573
932	1135.6287190147507	1505.3489556820437	0.9404024488034024	2690.05	-1.654923538119724
933	1677.922688758783	1634.2939081317897	0.9404024488034024	2690.05	-1.3090902047863908
934	2144.3993578283635	1939.4316927418856	0.9404024488034024	2690.05	-0.9632568714530576
935	2479.8216334450412	2384.629904107496	0.9404024488034024	2690.05	-0.6174235381197242
936	2644.471020372702	2917.1711041731373	0.9404024488034024	2690.05	-0.2715902047863912
937	2653.4905213299135	3473.995273806352	0.9404024488034024	2690.05	0.0742431285469427
938	2596.4515525923425	3989.1669646584287	0.9404024488034024	2690.05	0.4200764618802757
939	2354.829148804385	4401.682940402059	0.9404024488034024	2690.05	0.7659097952136094
940	180.06610072613614	1949.0737327928887	0.9404024488034024	2856.7166666666667	-2.3465902047863905
941	679.9761558515568	1702.4982125815188	0.9404024488034024	2856.7166666666667	-2.0007568714530573
942	1233.8725484291115	1639.981521429636	0.9404024488034024	2856.7166666666667	-1.654923538119724
943	1776.1665181731437	1768.926473879382	0.9404024488034024	2856.7166666666667	-1.3090902047863908
944	2242.6431872427247	2074.0642584894777	0.9404024488034024	2856.7166666666667	-0.9632568714530576
945	2578.065462859402	2519.262469855088	0.9404024488034024	2856.7166666666667	-0.6174235381197242
946	2742.714849787063	3051.8036699207296	0.9404024488034024	2856.7166666666667	-0.2715902047863912
947	2751.734350744274	3608.627839553944	0.9404024488034024	2856.7166666666667	0.0742431285469427
948	2694.6953820067033	4123.7995304060205	0.9404024488034024	2856.7166666666667	0.4200764618802757
949	2453.0729782187454	4536.315506149651	0.9404024488034024	2856.7166666666667	0.7659097952136094
950	278.30993014049693	2083.7062985404805	0.9404024488034024	3023.383333333333	-2.3465902047863905
951	778.2199852659176	1837.1307783291106	0.9404024488034024	3023.383333333333	-2.0007568714530573
952	1332.1163778434723	1774.6140871772277	0.9404024488034024	3023.383333333333	-1.654923538119724
953	1874.4103475875045	1903.5590396269738	0.9404024488034024	3023.383333333333	-1.3090902047863908
954	2340.887016657085	2208.6968242370694	0.9404024488034024	3023.383333333333	-0.9632568714530576
955	2676.309292273763	2653.89503560268	0.9404024488034024	3023.383333333333	-0.6174235381197242
956	2840.9586792014234	3186.4362356683214	0.9404024488034024	3023.383333333333	-0.2715902047863912
957	2849.978180158635	3743.2604053015357	0.9404024488034024	3023.383333333333	0.0742431285469427
958	2792.939211421064	4258.432096153612	0.9404024488034024	3023.383333333333	0.4200764618802757
959	2551.3168076331067	4670.948071897243	0.9404024488034024	3023.383333333333	0.7659097952136094
960	376.5537595548582	2218.338864288073	0.9404024488034024	3190.05	-2.3465902047863905
961	876.4638146802788	1971.7633440767033	0.9404024488034024	3190.05	-2.0007568714530573
962	1430.3602072578335	1909.2466529248204	0.9404024488034024	3190.05	-1.654923538119724
963	1972.6541770018657	2038.1916053745665	0.9404024488034024	3190.05	-1.3090902047863908
964	2439.1308460714463	2343.329389984662	0.9404024488034024	3190.05	-0.9632568714530576
965	2774.553121688124	2788.5276013502726	0.9404024488034024	3190.05	-0.6174235381197242
966	2939.2025086157846	3321.068801415914	0.9404024488034024	3190.05	-0.2715902047863912
967	2948.2220095729963	3877.8929710491284	0.9404024488034024	3190.05	0.0742431285469427
968	2891.1830408354253	4393.064661901205	0.9404024488034024	3190.05	0.4200764618802757
969	2649.560637047468	4805.580637644836	0.9404024488034024	3190.05	0.7659097952136094
970	474.79758896921896	2352.971430035665	0.9404024488034024	3356.7166666666667	-2.3465902047863905
971	974.7076440946396	2106.395909824295	0.9404024488034024	3356.7166666666667	-2.0007568714530573
972	1528.6040366721943	2043.8792186724122	0.9404024488034024	3356.7166666666667	-1.654923538119724
973	2070.8980064162265	2172.824171122158	0.9404024488034024	3356.7166666666667	-1.3090902047863908
974	2537.3746754858075	2477.961955732254	0.9404024488034024	3356.7166666666667	-0.9632568714530576
975	2872.796951102485	2923.1601670978644	0.9404024488034024	3356.7166666666667	-0.6174235381197242
976	3037.446338030146	3455.701367163506	0.9404024488034024	3356.7166666666667	-0.2715902047863912
977	3046.4658389873566	4012.52553679672	0.9404024488034024	3356.7166666666667	0.0742431285469427
978	2989.426870249786	4527.697227648797	0.9404024488034024	3356.7166666666667	0.4200764618802757
979	2747.8044664618283	4940.213203392428	0.9404024488034024	3356.7166666666667	0.7659097952136094
980	573.0414183835798	2487.6039957832572	0.9404024488034024	3523.383333333333	-2.3465902047863905
981	1072.9514735090004	2241.0284755718876	0.9404024488034024	3523.383333333333	-2.0007568714530573
982	1626.847866086555	2178.5117844200045	0.9404024488034024	3523.383333333333	-1.654923538119724
983	2169.1418358305873	2307.456736869751	0.9404024488034024	3523.383333333333	-1.3090902047863908
984	2635.618504900168	2612.5945214798467	0.9404024488034024	3523.383333333333	-0.9632568714530576
985	2971.0407805168456	3057.7927328454566	0.9404024488034024	3523.383333333333	-0.6174235381197242
986	3135.690167444506	3590.333932911098	0.9404024488034024	3523.383333333333	-0.2715902047863912
987	3144.709668401718	4147.158102544313	0.9404024488034024	3523.383333333333	0.0742431285469427
988	3087.670699664147	4662.3297933963895	0.9404024488034024	3523.383333333333	0.4200764618802757
989	2846.0482958761895	5074.84576914002	0.9404024488034024	3523.383333333333	0.7659097952136094
990	671.285247797941	2622.2365615308495	0.9404024488034024	3690.05	-2.3465902047863905
991	1171.1953029233616	2375.6610413194794	0.9404024488034024	3690.05	-2.0007568714530573
992	1725.0916955009163	2313.1443501675967	0.9404024488034024	3690.05	-1.654923538119724
993	2267.3856652449485	2442.0893026173426	0.9404024488034024	3690.05	-1.3090902047863908
994	2733.862334314529	2747.2270872274385	0.9404024488034024	3690.05	-0.9632568714530576
995	3069.284609931207	3192.425298593049	0.9404024488034024	3690.05	-0.6174235381197242
996	3233.9339968588674	3724.9664986586904	0.9404024488034024	3690.05	-0.2715902047863912
997	3242.953497816079	4281.790668291905	0.9404024488034024	3690.05	0.0742431285469427
998	3185.914529078508	4796.962359143981	0.9404024488034024	3690.05	0.4200764618802757
999	2944.2921252905508	5209.478334887612	0.9404024488034024	3690.05	0.7659097952136094
